"","V1","V2","V3","V4","V5","V6","V7","V8","V9","V10","V11","V12","V13","V14","V15","V16","V17","V18","V19","V20","V21","V22","V23","V24","V25","V26","V27","V28","V29","V30","V31","V32","V33","V34","V35","V36","V37","V38","V39","V40","V41","V42","V43","V44","V45","V46","V47","V48","V49","V50","V51","V52","V53","V54","V55","V56","V57","V58","V59","V60","V61","V62","V63","V64","V65","V66","V67","V68","V69","V70","V71","V72","V73","V74","V75","V76","V77","V78","V79","V80","V81","V82","V83","V84","V85","V86","V87","V88","V89","V90","V91","V92","V93","V94","V95","V96","V97","V98","V99","V100"
"1",77,99,112,77,99,19,10,89,99,93,56,62,122,35,33,62,33,90,51,109,112,133,70,133,112,98,43,64,59,6,37,138,54,138,54,27,105,52,114,11,58,11,105,90,105,118,42,136,47,118,42,98,77,113,77,98,133,70,133,112,99,90,99,51,99,42,77,112,109,42,118,42,87,42,97,87,42,118,42,127,40,106,121,84,16,60,41,135,92,32,8,4,8,125,40,125,55,92,105,135
"2",77,99,10,99,90,15,62,90,87,99,62,15,56,83,56,83,89,83,89,26,89,26,123,26,89,19,51,10,89,51,10,89,83,51,99,90,33,19,89,112,77,98,42,118,64,124,72,111,72,111,20,103,111,107,20,129,6,134,129,6,67,138,54,138,59,64,34,139,116,63,124,63,139,116,139,64,114,74,128,98,112,89,83,64,50,64,7,93,56,44,62,15,105,17,100,105,32,105,17,57
"3",77,98,77,98,77,112,89,99,19,51,19,51,90,109,77,98,133,70,98,93,15,18,17,100,105,35,90,42,87,42,117,12,108,12,14,84,53,127,53,48,47,21,132,21,132,21,132,21,127,136,118,42,118,42,118,42,109,51,99,93,82,99,51,99,109,42,109,10,19,51,19,51,99,64,52,64,63,34,139,85,116,124,116,107,124,63,124,72,88,67,137,101,72,9,1,124,1,64,28,5
"4",77,109,19,51,99,51,90,105,100,28,7,139,28,139,116,124,63,34,1,9,20,129,6,91,6,129,78,134,22,3,65,22,6,78,6,129,67,54,25,128,43,128,82,77,98,42,98,43,128,59,27,71,105,55,135,47,136,47,136,47,48,127,35,90,35,75,35,75,122,18,122,18,122,75,122,95,35,90,99,82,99,51,99,109,98,77,58,115,49,115,49,30,113,30,49,79,76,38,126,86
"5",77,98,112,109,42,136,127,136,118,47,136,127,48,84,53,127,136,118,117,108,120,102,120,102,35,102,23,95,8,29,32,8,32,45,29,8,29,45,60,45,55,135,40,21,47,48,53,14,53,106,39,24,75,24,94,8,29,80,40,125,55,125,24,75,95,23,95,120,121,12,108,12,108,102,35,90,62,15,105,17,57,100,105,17,57,7,4,100,124,54,67,137,138,6,91,111,91,128,105,5
"6",77,10,99,118,99,19,51,62,15,62,44,56,99,51,99,62,15,18,44,17,105,15,7,15,18,15,62,33,62,7,128,25,128,64,93,82,71,92,105,55,125,29,80,60,16,21,132,21,47,21,106,121,96,12,53,84,53,127,53,97,42,136,47,48,21,132,95,122,95,35,75,24,125,40,125,40,55,125,8,100,4,8,95,23,120,23,35,102,87,97,117,127,106,132,48,47,135,41,60,80
"7",77,109,99,19,51,99,90,109,42,77,42,15,62,44,17,94,5,28,5,28,85,9,124,1,116,139,28,7,58,42,97,87,109,113,68,30,104,38,130,38,76,79,76,38,110,86,38,86,38,126,38,61,31,79,13,104,79,13,76,38,130,38,76,104,130,76,38,126,38,104,30,68,31,49,115,49,31,13,104,130,38,130,104,31,126,31,49,79,104,68,30,104,79,13,31,126,38,61,113,42
"8",77,42,87,42,77,109,99,64,139,116,64,1,64,85,28,85,9,124,63,124,63,116,63,139,28,57,8,29,32,105,55,8,45,29,80,29,45,41,36,60,40,60,41,16,21,48,136,127,35,33,35,95,39,24,15,62,56,50,34,116,1,83,64,111,64,139,28,7,90,35,122,18,94,24,94,100,57,5,28,85,28,100,28,85,139,64,50,64,34,116,9,85,139,28,4,100,8,4,100,4
"9",77,112,133,112,26,89,26,123,70,123,70,133,70,26,123,26,123,70,123,70,133,70,123,70,123,70,112,89,26,89,10,19,109,77,98,128,43,128,43,91,129,6,129,67,20,129,6,134,129,67,88,107,101,2,101,9,63,124,72,124,63,139,85,64,50,34,63,9,63,124,1,124,1,116,139,59,27,71,27,59,54,138,6,129,91,6,81,52,64,116,124,63,111,101,107,88,67,20,103,20
"10",77,98,105,128,43,128,43,134,43,128,43,128,25,128,119,25,128,25,114,128,81,119,81,128,64,34,50,34,139,34,116,124,107,124,138,54,138,54,111,2,101,107,9,63,124,1,83,124,116,1,111,101,137,2,67,129,103,78,43,74,119,3,22,3,65,3,119,25,6,128,43,64,50,34,28,5,57,28,4,8,32,29,45,32,4,7,85,63,116,34,50,5,18,94,24,125,8,32,29,32
"11",77,10,89,26,123,89,123,70,123,26,123,70,133,70,123,70,123,70,133,112,133,112,89,10,19,51,99,109,42,58,7,28,85,28,7,50,64,52,64,128,25,134,22,6,129,6,81,69,131,37,3,119,22,134,22,134,22,74,128,25,128,37,25,128,114,64,34,64,56,99,15,118,42,118,42,118,136,47,136,117,12,121,84,14,84,16,36,106,132,41,16,60,41,36,40,125,55,71,55,40
"12",77,109,42,118,47,48,127,21,106,36,106,40,39,24,39,24,94,24,125,40,106,40,125,39,24,18,122,75,122,75,18,122,75,94,100,4,100,122,18,44,18,44,15,56,93,64,50,5,50,63,116,1,116,139,116,124,101,111,81,37,3,22,65,22,6,67,88,101,2,64,7,5,18,44,18,15,55,40,127,136,48,23,95,122,95,122,95,35,122,95,122,75,122,95,122,44,62,15,56,83
"13",77,98,77,98,77,105,55,125,40,125,39,125,24,75,122,44,18,15,50,1,116,139,28,85,64,50,64,111,1,116,34,116,1,34,50,34,64,17,57,5,18,90,7,128,25,64,111,91,129,67,137,101,2,137,69,81,37,3,65,119,114,11,114,64,56,93,56,93,64,34,50,1,9,63,111,103,129,20,88,20,91,82,64,1,83,64,15,18,15,62,51,99,64,7,15,8,4,8,29,80
"14",77,98,128,43,134,74,119,3,65,3,65,22,3,65,3,65,3,22,119,25,52,64,83,111,116,124,107,88,124,101,107,88,107,2,137,46,69,131,81,37,138,27,138,54,138,67,20,103,91,82,99,51,19,51,83,64,34,7,50,34,64,43,78,134,22,74,43,91,111,103,129,6,67,138,107,88,67,2,67,6,67,37,81,37,81,37,81,37,81,6,129,103,91,128,25,119,54,81,119,128
"15",77,99,10,26,112,133,70,133,112,10,89,26,70,133,82,128,43,134,128,25,119,25,128,6,129,6,134,128,25,128,6,52,64,82,128,6,37,3,65,3,65,3,65,22,119,128,43,133,112,133,70,123,70,123,26,123,26,89,123,70,123,70,133,112,133,112,99,90,109,19,109,112,99,51,99,19,90,99,82,128,82,64,1,116,63,124,63,116,124,88,107,20,107,1,34,7,100,105,32,29
"16",77,42,127,23,95,122,75,35,132,106,36,106,84,16,36,41,16,36,41,40,125,94,125,94,100,94,24,39,106,121,96,121,12,108,73,108,73,108,73,108,12,108,12,14,84,132,21,132,84,36,40,125,24,94,100,15,44,18,95,23,120,106,36,41,40,24,125,40,106,95,122,18,122,75,24,39,23,120,23,102,120,23,120,106,84,14,12,108,12,96,121,96,121,96,121,120,102,87,42,105
"17",77,98,99,109,99,51,62,33,62,15,56,15,94,125,40,55,105,18,122,18,17,100,94,24,39,106,132,84,14,84,48,136,47,118,47,135,47,48,95,23,120,121,84,14,53,132,21,132,21,106,36,106,40,125,57,100,94,100,4,85,9,2,107,116,34,50,5,100,4,7,50,64,114,128,52,59,128,43,78,43,128,82,111,82,98,133,70,133,70,123,26,89,123,70,133,70,123,70,133,70
"18",77,113,30,68,30,113,97,87,35,95,106,36,84,36,84,36,41,60,41,36,84,14,12,108,14,84,14,121,106,23,120,121,120,23,120,102,35,33,62,44,15,62,122,75,122,75,17,124,1,116,56,18,15,100,57,17,7,52,64,83,51,89,26,123,70,123,70,26,89,112,10,99,90,35,90,35,122,95,122,15,62,56,93,56,99,51,99,90,62,90,15,62,90,87,102,120,121,96,12,108
"19",77,109,112,133,70,123,70,123,70,123,26,10,99,10,89,26,123,70,133,70,123,70,123,70,123,26,112,109,99,93,15,62,90,87,35,87,42,98,99,82,128,98,77,112,133,112,109,42,98,99,10,19,10,89,83,64,82,111,1,116,1,124,72,124,116,63,116,1,64,1,50,34,116,1,64,34,50,1,9,1,111,64,50,5,57,105,58,113,97,108,12,108,12,108,73,102,97,87,97,113
"20",77,98,99,10,89,112,98,77,98,118,47,135,21,132,84,36,84,53,96,121,120,23,35,33,35,15,90,7,64,50,7,15,7,124,107,116,63,111,1,116,1,116,50,5,57,100,8,29,8,32,55,27,54,138,46,69,131,69,131,137,67,129,6,134,78,134,6,22,3,65,81,37,81,119,74,114,74,22,65,3,119,74,25,128,25,128,134,74,114,11,114,11,114,11,58,42,71,27,138,137
"21",77,98,114,74,134,78,134,6,67,137,101,88,72,101,124,88,107,72,63,111,82,124,116,56,62,15,118,136,47,127,53,102,120,23,102,120,121,120,23,120,102,97,87,42,77,98,128,43,98,77,109,99,90,33,90,19,10,89,99,10,19,51,99,109,99,42,109,113,30,113,77,42,105,90,99,62,99,90,19,51,99,10,89,99,62,33,62,44,17,122,18,122,75,122,75,17,57,7,64,52
"22",77,58,11,105,17,32,45,60,36,41,60,40,135,21,132,21,132,106,121,120,23,120,23,95,23,127,42,87,109,51,33,75,95,39,125,39,24,125,135,40,60,80,45,80,60,41,40,36,106,21,132,84,53,121,96,108,117,102,120,121,106,132,21,16,36,106,120,102,87,35,95,75,17,105,15,64,111,81,3,22,74,114,6,37,81,119,54,81,52,64,93,56,62,44,18,75,122,95,127,53
"23",77,109,77,98,112,26,123,70,123,26,89,26,123,26,89,112,133,98,77,109,77,82,91,82,64,115,58,11,58,42,87,35,33,19,51,33,62,33,15,93,56,15,7,15,18,122,105,32,8,80,45,41,36,40,36,84,14,84,16,132,21,132,21,132,21,16,41,60,41,40,41,60,40,45,80,45,80,45,60,80,60,41,40,125,40,125,40,36,53,84,106,36,16,41,80,45,80,41,135,21
"24",77,98,112,98,77,98,112,82,99,62,15,33,75,135,21,132,40,132,84,53,102,23,120,102,96,121,12,108,73,108,102,108,96,121,96,121,106,84,36,41,36,41,60,41,36,53,48,53,97,87,97,42,136,118,47,135,35,90,51,109,77,98,133,112,98,114,98,82,81,52,64,28,7,5,57,28,5,100,57,100,105,135,92,27,138,69,131,69,46,69,138,107,88,107,138,54,81,119,25,114
"25",77,98,128,43,78,6,134,128,81,37,81,119,74,119,25,37,81,37,6,67,20,107,88,124,111,20,67,88,124,63,124,28,64,139,4,8,32,8,29,32,105,55,71,42,87,90,19,10,112,77,98,77,113,61,38,86,110,38,126,86,38,130,38,130,104,79,13,79,104,61,30,61,113,30,49,31,79,104,61,66,61,66,126,38,76,31,13,31,79,13,79,104,130,104,130,76,79,49,31,61
"26",77,10,112,109,99,89,10,99,10,99,118,105,55,45,32,8,32,29,125,40,125,55,105,114,74,119,74,134,78,134,6,91,20,88,124,15,33,35,90,118,42,98,43,134,74,114,74,134,6,129,20,67,54,138,54,138,54,131,54,81,37,67,88,67,88,107,124,116,1,116,1,64,15,18,94,100,4,7,34,50,1,116,63,72,111,91,6,134,6,43,128,43,128,114,128,52,58,42,87,97
"27",77,98,77,109,112,133,98,93,83,51,99,115,58,42,136,118,42,58,64,111,101,2,137,46,138,54,137,67,137,138,137,69,138,107,88,124,1,83,89,82,99,82,59,52,64,111,128,25,128,64,34,116,1,64,139,116,34,50,34,7,18,44,62,99,51,90,99,19,99,56,83,64,128,64,85,28,4,57,4,28,57,17,100,57,8,125,29,45,32,4,7,52,128,43,128,74,43,74,114,119
"28",77,109,51,19,90,99,98,77,109,19,109,77,109,10,89,26,89,112,133,70,123,26,89,10,51,99,82,93,82,93,56,15,44,18,122,75,24,94,24,75,17,124,116,50,15,44,18,55,27,71,27,55,40,60,41,80,125,40,125,8,4,28,7,8,105,114,64,50,5,50,34,1,116,124,15,62,15,18,94,56,44,18,94,100,122,75,35,95,122,15,18,122,44,62,35,127,48,127,53,48
"29",77,98,112,109,112,133,70,133,70,123,70,123,26,112,70,98,70,133,70,133,112,10,89,26,89,51,99,15,7,15,55,45,32,8,125,8,32,29,45,29,80,60,36,40,41,60,45,40,125,95,24,94,24,94,24,75,24,39,23,120,102,120,102,120,23,95,122,18,94,5,7,28,34,116,34,50,64,111,124,82,64,52,64,27,71,55,45,80,45,32,105,7,17,44,122,95,35,95,23,127
"30",77,109,98,133,70,133,112,98,77,109,99,105,90,99,82,43,78,129,6,91,81,119,25,52,25,64,111,1,116,1,64,139,64,1,111,124,116,139,63,139,64,7,42,98,133,112,109,99,90,105,58,7,64,50,9,64,139,59,27,92,135,40,125,55,90,105,58,11,105,58,11,58,11,114,74,134,128,6,134,91,82,128,3,65,119,25,128,43,78,134,78,91,6,129,103,91,129,20,129,25
"31",77,42,109,42,118,47,136,117,48,84,53,132,84,48,40,36,40,125,94,125,39,24,39,24,125,40,36,41,60,36,41,16,36,84,14,121,120,121,96,121,120,23,35,95,122,95,23,35,90,95,75,105,62,99,10,19,10,112,133,89,19,51,62,15,116,34,64,50,5,50,34,7,93,56,64,9,64,7,64,34,116,63,139,28,85,28,85,9,72,88,107,9,2,137,67,129,6,81,6,134
"32",77,42,97,136,42,118,42,7,15,33,62,105,32,8,29,80,45,32,55,71,55,45,60,16,41,80,45,55,40,106,132,40,135,40,60,45,80,41,45,80,29,45,40,41,36,60,45,55,27,92,55,105,32,29,45,80,29,80,60,16,21,106,40,125,40,24,125,39,95,75,17,94,5,105,18,15,62,19,51,99,109,77,98,118,99,51,99,56,44,56,44,62,51,90,35,90,62,99,93,99
"33",77,109,98,112,133,98,128,43,78,43,78,129,6,91,64,98,112,98,133,123,26,70,133,98,112,70,123,70,123,26,89,99,10,99,51,89,123,70,112,89,26,123,70,123,26,123,70,123,70,123,70,133,98,77,98,77,98,77,98,99,51,90,109,113,97,42,58,105,114,64,7,15,56,83,1,124,107,124,1,64,139,64,1,64,1,101,2,101,72,101,72,111,103,91,6,129,103,20,67,137
"34",77,105,95,122,62,90,99,82,111,83,59,64,2,137,67,138,54,25,119,25,64,93,56,99,109,99,62,15,64,83,89,123,70,133,98,42,109,19,51,83,51,10,89,26,89,26,123,70,112,89,26,123,70,123,26,123,70,123,26,10,51,83,1,83,89,10,89,10,89,26,89,51,90,87,90,19,109,112,89,112,133,112,98,133,112,10,89,10,19,99,51,99,51,83,51,109,77,98,133,112
"35",77,109,77,42,87,99,77,98,42,118,42,97,102,120,23,120,121,96,121,14,53,127,48,53,84,53,84,48,127,136,47,136,47,135,55,45,80,125,8,32,8,32,4,100,4,8,125,40,24,75,95,35,122,75,24,94,24,94,125,40,106,95,75,122,18,44,18,15,56,15,42,113,30,113,30,113,68,30,61,30,61,66,61,30,61,30,68,30,61,31,126,38,126,38,86,38,110,38,76,38
"36",77,98,77,98,128,119,25,128,91,43,128,64,9,124,1,34,64,7,15,7,50,64,52,25,52,64,58,115,49,104,79,76,31,49,115,64,83,64,1,64,1,64,50,28,5,50,15,62,15,93,82,111,82,128,43,128,25,119,65,3,119,114,128,74,114,128,64,52,64,15,62,99,62,99,98,77,98,77,87,90,99,51,90,15,56,99,90,15,35,105,115,49,13,79,76,13,31,126,66,86
"37",77,98,77,82,111,64,93,82,93,34,7,57,4,57,100,29,32,18,55,71,59,52,64,99,10,112,133,112,98,77,109,19,51,89,26,123,70,133,112,133,70,123,26,89,10,77,98,42,118,47,127,48,136,47,136,127,135,40,125,94,24,75,135,40,55,105,125,8,125,40,125,94,18,122,18,15,18,105,15,44,18,17,57,28,7,34,64,1,64,116,124,9,1,116,1,9,64,1,116,63
"38",77,58,11,114,11,114,11,114,64,7,52,71,105,17,18,44,15,64,93,83,51,99,42,87,99,90,87,35,127,53,48,53,84,36,40,106,132,40,135,92,71,105,77,98,112,98,128,25,128,134,43,82,93,56,83,64,50,28,100,57,28,85,4,57,5,50,56,50,5,7,34,64,15,33,35,87,90,87,42,98,114,128,74,43,128,25,119,54,119,6,25,64,82,98,43,91,82,93,64,111
"39",77,10,99,51,99,77,42,87,90,105,35,90,99,51,89,26,70,133,112,89,83,56,83,89,51,83,56,83,56,51,10,89,10,77,98,58,115,30,61,66,126,86,61,66,126,66,61,66,61,113,109,19,51,19,51,19,51,99,89,123,70,133,112,77,98,109,42,118,105,98,42,98,77,112,77,42,97,108,96,53,84,53,84,36,60,36,60,16,41,60,16,41,36,16,41,132,48,136,47,118
"40",77,64,139,64,72,124,116,1,64,98,77,98,77,98,42,136,42,97,87,97,87,90,105,71,27,59,71,92,135,47,118,42,87,42,118,42,98,43,74,119,22,134,6,74,134,78,6,129,20,91,111,64,52,81,37,81,54,119,54,138,27,71,59,54,69,131,69,131,137,88,107,88,67,20,111,6,129,25,128,93,64,43,74,6,129,91,6,134,6,129,6,129,134,128,43,78,43,78,129,103
"41",77,98,77,99,62,15,62,15,7,128,82,111,82,93,64,93,15,7,139,34,116,1,64,93,15,64,82,124,50,56,83,64,63,116,63,124,1,124,101,137,138,107,20,64,28,85,9,116,34,64,111,20,111,124,72,101,137,2,137,138,54,138,69,131,69,54,131,138,107,124,1,116,1,124,116,85,139,34,116,1,93,56,93,99,64,83,51,99,77,109,77,98,58,42,97,117,136,48,47,136
"42",77,98,93,64,7,15,90,19,99,15,7,18,75,24,39,36,41,60,80,41,60,16,132,16,41,16,132,21,132,16,132,21,132,21,132,21,16,21,106,39,120,102,97,87,102,120,102,87,35,132,106,39,24,75,122,18,17,105,55,40,55,105,15,18,44,18,15,7,42,64,50,5,57,28,7,28,85,9,111,124,63,124,101,137,67,88,72,101,137,131,2,46,69,138,27,54,81,54,138,54
"43",77,42,136,58,42,87,97,42,64,1,124,1,64,82,133,112,77,109,99,10,99,51,56,44,18,75,35,87,109,99,62,33,15,105,52,64,114,105,32,80,45,80,45,55,92,71,105,52,58,42,115,105,15,122,95,122,18,15,32,45,41,36,84,36,84,14,12,108,12,108,12,108,12,96,108,12,121,96,12,108,73,38,126,66,86,38,76,38,126,31,13,79,31,104,79,31,79,49,115,105
"44",77,98,112,10,77,98,77,82,93,56,93,82,93,64,50,5,18,57,7,33,90,35,23,35,95,35,90,87,42,97,102,87,102,120,23,39,106,39,125,8,32,45,105,124,1,56,44,62,15,105,17,105,71,92,135,36,106,132,41,60,45,32,29,32,92,27,71,27,138,137,138,54,138,137,46,137,88,107,88,101,46,69,46,101,72,88,20,6,134,6,128,64,111,101,9,85,139,85,64,34
"45",77,109,112,133,112,133,112,133,70,123,70,123,70,123,26,123,70,133,98,112,133,112,133,70,133,112,98,133,112,133,98,77,113,30,68,30,113,97,53,14,36,16,41,80,29,80,8,29,32,29,8,4,100,4,100,94,24,75,122,15,7,5,57,28,85,9,85,124,1,9,101,9,107,20,67,2,111,63,9,63,116,85,64,1,34,116,64,1,64,52,105,64,93,15,56,93,56,93,15,90
"46",77,98,133,70,123,70,123,70,123,26,123,70,123,70,123,70,133,112,89,83,51,19,99,105,35,132,21,132,106,95,35,102,97,127,136,47,48,53,12,108,102,97,73,108,102,87,102,120,102,120,23,120,121,96,121,84,14,84,53,84,36,60,80,60,41,36,106,121,96,121,106,40,36,84,121,120,121,106,36,60,80,29,45,32,105,77,109,77,112,89,123,89,123,70,123,70,123,26,123,26
"47",77,109,19,51,99,51,56,93,15,62,33,62,51,109,112,98,77,113,68,113,30,113,30,113,61,38,130,104,79,13,76,31,66,31,79,31,13,31,79,13,79,13,31,104,130,38,110,38,130,76,38,130,38,86,38,61,104,130,76,13,76,38,86,38,76,79,31,38,126,38,76,38,130,38,126,38,86,66,126,38,130,76,79,31,13,104,30,68,30,61,38,130,104,68,104,31,13,31,49,115
"48",77,109,77,10,89,26,89,83,64,7,93,99,62,105,58,11,58,98,133,112,133,112,10,19,51,99,82,43,128,91,6,128,134,78,6,37,25,119,22,3,22,3,65,119,74,22,119,74,119,74,134,22,65,3,81,37,81,6,129,91,82,93,15,56,51,90,19,99,62,99,62,19,99,98,109,42,58,105,52,128,105,42,77,113,61,73,108,12,108,117,53,36,106,23,120,121,53,48,47,118
"49",77,98,77,19,90,87,35,90,99,51,99,98,64,139,85,9,1,64,128,43,78,129,6,129,103,91,111,82,93,56,15,33,62,15,93,124,116,63,111,101,137,101,2,101,46,137,101,72,9,111,91,6,129,6,111,64,15,99,19,99,51,99,98,77,112,133,70,133,70,98,77,98,128,43,134,129,6,134,78,129,6,74,119,22,6,128,25,59,64,139,28,4,7,139,64,85,64,128,25,128
"50",77,10,99,62,44,62,15,18,15,33,35,33,35,75,24,39,24,125,40,36,132,48,117,136,42,98,82,99,19,10,99,90,105,58,98,133,112,133,70,123,26,89,10,89,10,51,62,51,19,62,99,93,56,93,9,63,72,124,116,64,34,116,139,85,9,101,107,101,72,124,63,64,34,64,111,1,124,1,124,63,124,63,139,116,63,50,1,116,34,139,59,71,27,59,64,9,72,124,116,63
"51",77,99,10,112,109,42,58,115,98,77,112,77,98,112,10,99,98,112,133,112,109,42,98,42,58,42,115,49,115,105,11,58,42,136,47,118,47,118,47,136,48,84,53,127,53,127,97,87,90,87,109,112,109,99,98,77,99,93,64,111,54,137,2,101,9,63,139,64,128,82,91,82,93,15,44,56,93,64,114,25,119,114,74,6,129,91,111,64,124,116,1,64,114,11,114,128,43,91,6,74
"52",77,113,58,105,55,135,75,122,95,132,40,71,27,71,105,135,40,125,100,5,94,125,40,125,40,21,47,48,21,47,136,42,118,42,118,42,64,52,25,128,74,128,6,129,67,2,101,9,139,7,15,62,33,35,87,102,87,90,99,82,91,6,78,43,82,91,111,64,52,64,93,64,93,64,34,50,34,50,5,100,17,57,17,105,90,99,90,99,109,97,136,97,127,136,47,118,47,136,97,87
"53",77,98,77,98,42,109,112,98,112,109,77,98,77,109,42,87,42,58,64,50,5,105,58,105,32,45,32,29,80,29,45,55,125,40,135,40,132,41,132,40,39,106,121,96,121,12,96,108,12,108,96,121,14,84,14,84,132,84,132,21,47,135,92,55,27,59,27,59,27,71,105,7,4,8,100,105,55,135,92,135,55,17,135,40,60,36,60,36,84,14,84,48,95,8,32,45,29,45,29,80
"54",77,105,62,33,62,15,93,56,93,64,85,28,85,28,139,59,27,71,105,118,136,127,53,117,12,53,132,84,14,12,96,121,84,14,84,14,36,40,36,41,132,106,121,127,42,98,109,42,118,99,90,99,93,116,124,1,64,139,85,28,139,85,28,5,50,34,64,59,83,51,99,7,4,7,57,17,18,105,15,18,44,62,33,62,99,98,112,133,70,123,70,123,26,89,10,77,133,112,133,98
"55",77,109,112,133,112,109,77,98,133,70,112,89,112,133,112,10,89,83,56,116,56,44,15,62,33,15,33,19,10,51,99,19,99,51,99,10,19,10,77,98,133,98,109,99,62,44,62,15,18,122,95,23,53,48,127,135,21,132,36,84,121,84,53,102,23,35,33,35,33,62,15,64,52,64,1,50,34,139,28,4,32,8,4,8,32,8,32,80,60,41,60,80,60,16,41,80,60,16,41,16
"56",77,99,62,99,90,109,112,133,98,64,2,137,67,137,131,137,46,69,137,46,69,81,37,81,54,27,71,59,64,82,99,109,98,109,42,87,97,42,105,52,105,32,29,45,80,45,29,8,4,34,28,7,64,34,50,15,7,118,47,135,17,57,7,105,71,27,59,52,128,114,11,114,11,114,64,15,7,57,100,7,50,34,7,15,62,33,90,105,32,29,80,8,29,80,29,80,125,40,125,8
"57",77,98,112,133,98,118,117,53,84,48,136,47,21,135,21,106,132,21,132,21,132,21,132,48,47,21,132,127,35,23,106,40,36,40,60,40,55,90,35,90,99,109,98,58,7,17,100,17,57,100,8,32,55,41,60,40,125,29,45,29,45,80,45,80,45,55,45,32,8,4,32,45,55,92,55,90,7,64,1,124,88,107,20,67,20,103,20,107,88,72,124,63,124,116,139,7,34,116,63,124
"58",77,112,133,82,128,43,78,43,128,25,81,6,128,52,64,93,91,6,91,111,63,116,18,62,15,105,92,55,105,90,15,44,18,5,50,34,64,9,124,88,101,72,107,20,103,78,43,128,43,128,52,25,119,25,119,25,64,82,128,64,25,128,81,91,134,74,22,65,3,65,119,3,74,43,128,43,128,81,119,22,134,74,43,78,43,74,119,81,65,37,54,138,27,71,105,18,122,75,94,24
"59",77,82,99,19,51,99,77,98,133,70,123,70,133,112,133,70,98,77,98,77,98,58,64,52,105,64,116,124,63,9,139,116,124,107,20,107,88,124,63,72,88,101,107,88,124,1,64,1,124,1,116,64,114,128,98,99,51,19,90,15,105,58,113,30,115,30,113,30,104,38,130,38,76,38,126,38,86,38,126,61,86,126,76,38,126,38,130,38,104,13,104,130,38,76,38,130,104,31,66,61
"60",77,98,43,134,78,43,91,6,129,67,137,69,54,138,69,46,137,69,137,54,81,3,65,119,54,138,67,129,6,134,43,128,6,129,6,91,103,91,6,134,6,91,128,7,114,11,58,105,17,75,24,39,125,24,75,122,75,24,94,100,4,8,4,8,45,80,45,80,29,8,100,4,139,64,50,5,50,1,64,50,34,64,27,138,54,138,67,138,2,137,67,88,20,67,88,67,20,91,67,137
"61",77,98,7,28,4,8,32,95,23,120,23,106,36,40,106,132,21,132,21,132,106,53,127,21,48,47,48,53,14,84,53,127,53,14,84,53,12,108,96,121,96,102,35,75,95,8,32,8,4,8,100,4,8,15,56,64,50,64,9,63,9,72,124,111,64,139,85,28,64,27,2,138,54,119,3,134,22,65,119,74,43,93,64,52,25,119,74,119,54,138,27,71,42,132,21,132,106,132,106,132
"62",77,109,77,109,98,77,109,42,58,105,118,42,109,99,51,83,1,64,34,64,42,87,42,127,53,117,136,97,102,120,23,102,23,120,121,96,108,12,108,12,121,96,108,12,108,12,108,12,96,108,73,108,12,108,102,108,12,53,84,14,12,14,53,84,14,121,84,53,48,132,84,53,127,21,132,106,39,125,55,71,27,59,54,131,69,138,69,138,69,46,137,69,131,67,20,67,88,101,137,67
"63",77,98,58,105,55,125,40,55,135,40,55,90,19,99,62,44,56,15,62,44,62,15,62,99,98,105,15,62,44,15,7,35,90,33,75,24,75,122,18,44,18,75,18,15,62,99,51,99,64,83,1,34,116,107,124,107,20,103,111,124,54,81,128,82,77,98,114,105,90,105,100,94,24,125,40,125,100,57,17,18,17,7,17,5,57,94,17,57,5,57,28,34,1,116,1,124,64,1,34,50
"64",77,98,77,98,112,133,70,26,10,89,26,123,89,99,87,102,120,121,84,121,120,102,87,97,23,35,75,24,75,35,132,21,132,106,21,132,21,127,84,121,120,102,117,136,117,97,109,99,87,90,87,42,98,109,77,98,99,10,77,109,112,77,109,113,30,68,30,113,61,66,126,38,130,38,130,76,38,104,30,113,30,113,104,130,104,38,86,38,61,38,76,79,49,31,126,66,126,38,130,76
"65",77,113,68,30,113,30,68,30,68,30,68,104,61,66,126,38,126,38,86,38,61,113,30,113,30,113,61,66,61,104,31,104,31,126,38,61,30,115,64,1,9,85,124,116,34,1,107,20,129,20,107,20,111,82,64,98,43,82,64,25,128,64,50,5,28,85,28,100,94,18,122,95,18,44,18,122,18,122,18,116,34,105,17,75,24,125,100,28,64,52,64,42,58,77,109,77,99,19,99,89
"66",77,42,118,42,105,75,18,62,44,18,5,50,7,114,11,114,11,114,58,7,28,85,64,93,83,56,116,1,34,50,5,7,58,11,114,11,58,11,114,74,128,64,1,64,85,9,63,116,124,1,116,34,50,64,52,81,128,82,128,25,52,128,64,1,111,9,1,83,1,116,124,107,88,67,20,107,20,67,137,67,137,101,111,63,116,63,9,101,2,124,1,116,139,28,5,28,4,7,50,64
"67",77,98,133,112,133,98,112,133,98,114,105,114,105,15,18,17,55,105,55,17,57,17,57,8,80,29,80,60,41,36,84,106,132,106,40,135,92,105,17,100,15,62,99,98,77,82,93,15,105,17,105,92,135,55,92,55,125,40,41,36,40,125,40,36,106,121,106,95,122,44,56,51,99,82,128,114,105,58,105,98,112,98,77,98,133,70,123,26,123,26,123,89,123,70,123,70,133,70,123,70
"68",77,112,89,10,19,51,99,10,89,10,89,83,51,89,83,51,33,62,99,51,89,112,133,98,43,74,134,74,22,134,91,6,103,129,67,129,78,129,20,25,52,64,34,116,34,1,50,5,28,85,139,116,139,28,139,28,139,28,7,4,8,29,80,45,29,32,92,27,92,105,92,105,100,94,24,75,24,94,100,94,24,125,40,106,36,41,60,40,125,29,80,45,125,40,125,55,92,27,54,119
"69",77,99,98,112,133,70,123,26,112,109,19,51,99,109,113,30,115,58,42,7,128,43,134,6,91,128,43,91,78,134,6,67,6,25,128,134,22,74,6,128,25,52,128,114,105,114,74,43,91,111,103,20,111,91,111,2,46,54,128,64,34,64,93,82,99,109,42,97,117,108,12,96,121,120,102,97,87,42,87,42,118,42,97,109,112,98,118,98,133,112,89,99,112,10,89,10,112,133,70,123
"70",77,112,10,19,10,19,10,99,10,19,99,62,15,35,15,50,34,50,116,34,116,1,9,85,9,85,139,7,4,8,4,64,59,27,92,105,15,90,42,118,42,98,109,19,99,64,111,91,134,43,78,43,78,129,67,88,67,129,103,91,111,124,63,139,64,52,64,52,128,43,128,83,64,7,85,28,57,28,5,7,105,18,15,44,18,15,7,90,51,83,51,19,99,93,59,27,138,27,64,34
"71",77,98,112,133,112,133,98,112,133,112,89,123,70,133,112,133,112,77,113,61,104,61,66,126,38,130,38,126,66,126,86,38,104,31,79,13,104,130,38,61,30,113,97,127,87,97,87,102,23,95,122,95,75,24,75,122,15,62,15,62,15,62,99,93,82,64,1,64,52,25,119,22,119,3,22,119,54,81,128,43,98,77,58,115,42,105,122,95,8,32,8,32,45,80,60,16,41,16,60,41
"72",77,98,77,82,43,78,129,78,91,6,134,74,22,134,74,119,114,74,6,134,6,91,6,78,134,6,22,74,128,82,64,52,128,25,128,114,64,52,64,82,99,118,42,98,42,87,35,23,35,33,62,99,89,26,70,133,112,10,99,19,99,89,26,123,70,133,112,89,51,83,56,99,51,90,109,42,113,42,87,42,118,136,48,136,42,98,114,98,133,112,98,43,78,134,74,22,134,6,111,82
"73",77,109,112,109,19,51,99,90,64,1,64,50,56,59,128,52,128,43,74,134,74,119,25,64,83,51,19,99,98,112,77,98,77,42,97,136,117,102,120,23,120,23,132,21,132,21,132,21,132,84,53,12,96,121,120,23,95,35,90,19,10,112,133,70,123,70,123,26,89,123,70,123,89,51,19,51,99,82,128,25,128,64,1,9,101,9,72,101,72,101,88,67,6,134,74,6,129,6,37,81
"74",77,113,30,68,113,61,66,61,113,68,104,38,126,38,126,38,76,38,61,38,130,76,126,38,86,38,86,38,31,13,104,31,49,31,49,30,113,61,66,31,104,61,126,76,13,31,79,104,130,38,86,66,61,66,61,104,31,104,61,104,31,79,13,31,104,13,79,38,130,38,126,66,61,30,61,30,68,30,68,30,115,64,1,85,64,34,50,1,50,34,9,63,9,1,83,51,99,90,87,97
"75",77,58,42,136,47,136,42,118,42,58,7,5,28,100,4,32,105,71,92,105,75,17,135,32,105,92,135,92,135,21,106,40,36,14,108,73,97,87,42,64,1,124,116,124,116,63,9,85,9,2,138,2,46,69,54,138,54,138,67,37,54,25,54,81,37,6,134,78,43,128,54,138,54,131,137,138,67,54,138,54,67,88,20,88,124,116,18,15,56,62,99,62,33,62,99,90,64,1,93,99
"76",77,98,115,30,113,30,113,30,61,30,49,115,49,31,104,61,66,86,66,86,66,126,66,126,31,49,115,105,17,18,5,28,139,28,139,116,1,116,34,139,28,105,71,55,45,80,45,80,29,32,8,100,7,64,52,64,93,64,82,128,74,114,74,119,74,134,78,134,6,129,6,22,3,65,119,25,119,81,37,128,52,64,59,139,64,124,63,124,111,128,82,99,51,99,82,91,128,134,91,128
"77",77,58,113,58,42,127,97,136,47,21,47,21,106,132,106,120,102,108,12,121,96,121,12,108,121,12,108,102,23,95,23,53,127,136,48,47,136,47,136,97,42,97,42,117,53,48,84,53,84,14,12,108,12,53,84,36,41,40,36,40,135,106,40,125,29,8,4,8,32,55,92,135,21,127,21,132,36,106,132,40,135,92,71,27,59,71,105,4,100,8,4,8,29,80,60,41,80,60,36,106
"78",77,109,19,10,89,10,109,99,62,51,99,19,51,99,51,99,10,109,77,109,97,42,87,102,120,102,120,102,120,23,39,40,125,55,80,60,80,45,40,125,94,24,125,40,55,135,92,135,92,105,55,71,92,135,21,16,41,36,41,55,32,8,15,18,122,95,35,95,35,90,99,62,99,90,99,62,90,105,15,18,5,57,100,4,8,29,45,29,80,40,39,106,95,122,95,122,44,18,122,95
"79",77,98,77,98,109,99,109,87,90,15,33,35,23,120,106,36,84,53,121,96,121,106,121,12,53,84,53,12,108,12,108,73,108,102,87,35,95,24,94,24,39,106,40,55,105,11,58,77,113,30,104,79,31,49,115,49,104,130,38,126,38,86,66,31,126,38,76,38,104,68,30,113,30,61,86,126,38,86,38,86,38,110,130,38,76,38,61,30,113,30,115,30,68,30,113,30,68,30,68,30
"80",77,98,112,133,112,82,111,124,116,34,50,124,63,124,63,50,56,7,28,139,28,5,100,57,17,57,8,4,100,57,4,8,105,128,52,64,52,128,74,114,128,25,6,81,54,119,74,119,3,65,22,65,3,65,3,37,131,37,67,37,2,111,124,1,64,34,50,64,52,128,25,128,25,128,59,64,9,63,111,63,116,1,64,25,119,25,64,85,64,93,43,133,112,89,26,89,123,89,26,123
"81",77,109,112,109,112,70,133,70,133,112,109,112,10,89,99,82,93,64,59,1,64,128,114,52,81,52,64,82,111,64,85,139,28,85,9,101,111,81,6,128,59,27,71,27,92,105,17,55,8,32,8,4,8,4,8,29,125,40,55,40,106,132,16,60,40,36,60,80,29,125,39,95,132,41,36,84,53,48,53,127,132,40,125,55,92,71,55,105,58,11,114,25,128,43,128,6,81,37,81,37
"82",77,98,112,109,42,118,47,118,42,109,77,98,82,64,111,72,101,88,107,138,107,88,67,6,67,137,67,20,54,9,1,64,114,128,52,7,50,1,64,34,50,28,64,52,128,25,114,74,43,129,103,6,74,119,114,105,42,98,112,109,77,112,98,133,70,123,26,89,123,70,123,26,123,70,112,133,123,70,133,70,133,112,26,123,89,83,64,59,27,59,85,64,52,59,27,54,138,107,2,67
"83",77,98,112,133,112,133,98,112,133,70,123,26,123,70,133,70,26,123,70,133,43,128,25,128,25,128,64,128,82,128,6,134,74,114,128,114,25,119,25,128,25,128,82,93,64,34,1,9,124,138,54,69,131,37,81,37,81,119,22,3,119,25,119,25,119,22,3,22,119,74,128,43,128,82,128,114,11,114,64,128,43,128,99,62,15,93,64,43,128,43,128,52,64,1,124,72,63,124,1,64
"84",77,112,26,89,26,89,26,70,133,70,123,26,89,10,89,112,133,89,123,26,123,26,123,70,123,70,123,70,98,42,58,42,7,64,1,116,34,64,93,99,90,19,109,87,97,42,87,102,108,102,108,96,12,53,84,16,21,132,53,84,36,41,36,40,132,21,127,21,132,48,127,12,108,73,104,130,76,38,126,66,61,66,31,49,115,49,115,105,90,105,42,97,127,47,118,136,47,118,105,128
"85",77,99,10,77,42,118,42,98,77,109,77,10,112,109,112,109,77,82,128,105,128,43,98,42,97,127,97,73,108,12,108,12,121,120,23,39,23,35,23,95,122,95,122,62,99,51,99,10,99,109,77,109,112,98,118,99,19,51,62,99,90,51,56,44,18,15,62,33,35,127,40,135,47,135,55,48,53,84,132,23,35,87,73,87,42,109,90,99,51,99,10,99,82,91,103,20,107,111,72,101
"86",77,98,77,98,133,112,133,70,123,70,133,112,133,98,112,89,51,90,99,90,87,102,120,102,108,117,108,117,108,12,108,96,121,106,121,14,36,60,41,60,41,132,106,121,127,97,117,108,117,12,108,117,136,47,118,7,28,7,28,4,8,4,28,7,57,5,57,100,28,4,100,8,32,45,80,29,80,45,80,45,32,105,118,136,47,48,136,48,53,48,53,84,132,21,90,99,90,99,42,105
"87",77,58,99,51,99,89,112,70,123,26,123,70,98,42,98,77,98,133,112,89,99,19,90,15,62,33,35,62,99,62,99,62,15,90,99,51,99,51,10,112,89,99,90,51,62,33,7,1,116,63,124,17,122,95,23,120,23,95,122,95,125,40,106,135,55,125,40,125,40,106,23,102,97,42,97,102,120,95,23,35,90,51,10,19,109,99,90,51,99,10,77,109,99,93,64,111,91,128,134,6
"88",77,109,112,133,112,10,19,109,98,43,134,22,134,6,91,6,134,22,134,74,6,67,6,91,103,91,128,52,64,93,83,56,99,10,99,90,35,90,105,18,75,35,62,105,17,105,90,7,17,105,42,118,98,114,64,111,82,93,64,52,64,128,82,99,77,98,77,42,117,136,118,42,64,111,72,63,124,1,64,42,77,98,42,136,118,42,97,73,87,42,87,97,23,95,75,122,75,24,94,17
"89",77,98,99,82,93,82,99,82,133,70,133,70,123,70,123,70,133,112,133,70,123,70,123,70,123,70,123,26,89,99,62,44,122,18,122,33,35,95,122,18,44,122,95,35,23,35,15,62,99,93,64,34,1,34,63,124,7,4,7,4,8,57,100,94,24,39,40,125,39,40,36,132,40,36,41,60,45,55,32,8,32,92,55,92,71,27,138,2,137,2,137,2,67,6,129,78,129,134,25,128
"90",77,87,127,42,97,102,120,121,106,132,106,121,96,121,120,106,40,135,40,55,40,125,8,4,8,32,8,4,100,4,32,45,29,80,60,41,80,41,80,32,8,100,8,4,64,52,64,82,99,10,77,98,43,128,134,74,119,81,37,81,111,82,64,59,54,138,54,69,46,69,137,69,46,69,54,67,6,129,20,67,129,67,6,59,27,54,69,131,69,137,67,129,6,81,37,81,37,81,54,138
"91",77,109,90,35,95,35,33,75,32,29,8,4,32,4,64,139,64,50,64,114,11,114,64,85,64,83,63,111,9,85,124,34,116,139,85,128,91,111,2,101,72,101,137,67,138,27,59,27,71,27,59,27,71,92,71,105,75,18,122,75,18,44,56,93,82,111,2,124,138,54,138,54,138,54,138,137,46,101,124,28,34,50,56,44,18,17,5,50,34,63,116,63,116,64,82,64,82,111,20,67
"92",77,42,87,102,120,23,95,122,18,105,32,80,60,41,36,106,36,132,127,97,87,90,35,127,97,42,77,42,87,35,75,95,122,75,122,33,15,62,35,95,39,24,39,125,24,125,80,8,32,8,125,40,45,29,80,29,80,45,32,45,80,29,80,60,41,16,60,45,32,135,92,27,54,131,69,46,137,101,2,124,72,63,124,116,124,88,124,107,20,107,88,67,103,111,103,111,64,81,37,6
"93",77,98,109,90,62,35,132,21,135,106,23,39,125,8,4,7,105,32,29,8,100,94,24,75,122,75,35,127,48,136,117,136,127,35,90,15,18,94,24,125,40,36,106,121,14,121,96,121,106,36,84,132,21,132,106,121,96,121,96,121,106,132,21,47,118,105,92,55,35,75,95,35,23,120,23,120,121,96,108,97,58,7,118,42,97,127,132,21,16,60,41,16,60,41,36,60,16,41,132,106
"94",77,99,42,97,42,105,15,56,15,62,33,62,44,62,90,51,99,62,33,62,122,75,94,5,50,34,64,52,128,25,128,134,78,43,128,25,64,116,63,116,63,9,101,72,101,107,88,67,88,124,9,1,124,1,124,111,107,88,137,101,72,111,91,6,134,78,134,22,6,119,54,2,46,69,131,69,137,2,101,88,124,72,101,111,72,101,2,111,63,116,124,72,124,1,116,34,139,64,34,50
"95",77,112,133,112,133,98,77,113,97,87,102,97,42,71,92,55,105,55,40,55,135,55,27,71,27,92,105,90,19,62,56,44,18,122,95,75,122,75,122,94,24,94,18,15,94,75,35,90,35,90,62,44,62,122,95,18,75,35,132,84,16,21,95,75,55,92,105,93,64,93,64,52,64,59,25,128,43,128,119,25,128,59,82,133,70,123,70,123,70,133,112,77,109,90,105,17,94,24,125,24
"96",77,113,30,61,113,30,113,104,68,30,115,58,42,87,42,77,98,112,133,98,42,97,87,97,113,30,68,30,61,113,30,61,126,76,38,130,38,86,61,30,113,30,49,115,30,113,104,130,110,86,38,76,13,79,31,13,79,104,30,31,76,13,76,38,76,31,66,61,31,13,104,31,49,115,49,30,104,49,115,49,31,66,61,113,58,105,64,4,28,4,8,4,28,85,9,64,34,139,7,15
"97",77,109,99,109,19,51,33,62,15,7,64,52,64,83,89,99,19,51,19,89,83,1,116,124,63,124,107,20,25,59,27,59,54,138,2,138,54,25,6,67,137,2,138,54,138,54,81,128,64,7,105,92,55,40,135,18,55,71,92,71,27,55,45,80,60,41,60,40,24,94,100,17,5,50,15,90,127,121,12,121,120,96,12,108,12,121,96,121,96,12,96,121,120,23,39,24,75,24,125,40
"98",77,98,77,98,58,42,99,77,98,109,99,19,10,89,10,19,99,51,109,112,133,112,10,112,98,105,7,85,9,116,64,28,57,100,17,100,28,4,8,105,98,133,112,133,70,123,26,123,89,10,99,62,15,90,51,62,90,62,44,15,125,32,55,41,40,125,94,100,94,57,100,8,4,8,100,28,139,28,7,15,62,51,83,93,83,64,52,81,128,91,6,81,64,34,64,93,56,93,83,51
"99",77,98,99,51,83,64,50,5,7,114,105,15,105,115,49,115,77,98,112,98,77,10,51,99,42,64,82,77,109,90,62,15,7,28,139,85,28,100,8,4,8,4,8,32,8,125,24,40,135,92,27,54,138,54,59,91,111,64,93,64,93,56,51,19,33,62,33,15,62,90,105,32,8,125,94,125,8,32,29,80,29,80,29,45,29,8,4,100,57,100,4,100,57,100,4,8,57,5,50,1
"100",77,98,133,43,134,129,91,111,81,37,131,137,69,54,138,88,91,129,6,134,78,134,78,134,43,128,43,128,82,77,99,51,62,105,58,115,42,58,42,136,118,136,48,55,27,92,32,125,7,64,83,56,93,82,93,1,124,72,111,63,124,63,72,101,72,63,116,124,72,124,72,124,107,72,88,67,129,91,20,67,59,27,54,81,6,78,43,78,91,78,6,134,22,6,91,82,99,98,42,58
"101",77,82,128,25,128,25,128,25,128,6,129,6,129,6,81,52,64,27,71,105,114,64,111,91,111,124,18,24,75,24,125,8,29,80,32,8,32,45,60,80,29,45,29,32,7,15,7,58,105,17,57,124,2,9,1,111,124,1,124,111,82,111,91,6,129,20,107,20,107,88,124,88,107,124,1,124,54,119,22,134,91,128,25,128,43,128,82,128,43,128,43,74,119,22,134,43,128,43,91,129
"102",77,98,128,82,99,62,15,44,18,122,94,100,125,40,135,21,106,40,125,55,105,58,115,58,11,58,98,99,19,10,89,112,99,51,99,90,62,18,15,105,90,35,33,62,15,62,33,62,44,122,35,33,15,35,87,35,33,62,15,62,18,15,62,44,122,95,35,95,23,35,23,35,33,62,105,128,25,128,91,111,9,101,63,72,63,116,124,72,111,107,1,111,91,81,6,128,43,78,134,6
"103",77,109,112,109,113,77,89,99,51,62,99,19,99,90,99,90,35,33,62,15,18,17,105,18,5,17,5,50,56,83,89,123,70,123,89,19,109,77,112,133,70,123,26,10,89,26,123,26,123,70,123,70,123,70,123,89,112,133,112,133,112,70,133,70,133,112,70,133,112,99,10,99,82,128,43,93,56,44,56,116,124,1,124,34,50,56,44,56,62,99,90,35,99,90,99,10,112,77,109,77
"104",77,98,77,98,112,133,98,112,133,112,133,70,123,26,123,70,133,112,109,19,10,112,77,98,43,128,52,114,11,58,42,97,109,97,127,21,47,21,48,127,136,118,47,135,17,105,114,128,25,128,7,28,139,28,57,28,85,28,4,8,4,7,5,50,1,116,1,64,128,43,128,25,128,6,78,129,91,103,20,67,6,91,20,103,20,88,72,101,72,101,111,64,34,116,34,50,34,1,124,63
"105",77,99,112,133,112,133,82,77,109,113,77,98,118,42,58,115,49,31,49,30,113,68,30,104,61,104,130,110,38,86,66,61,66,31,104,79,13,76,126,31,79,76,104,130,104,38,86,110,38,126,66,126,86,38,76,13,76,31,13,79,13,79,13,79,76,38,86,66,126,66,61,113,61,38,130,104,113,77,98,42,15,7,15,62,51,109,99,51,10,99,77,109,42,97,127,136,42,109,112,89
"106",77,98,133,112,133,98,77,98,112,77,98,42,87,90,109,77,99,105,15,62,15,99,109,99,90,19,51,99,42,109,77,98,133,98,42,109,77,98,42,15,122,18,95,122,95,106,132,48,53,84,132,95,39,24,94,24,39,40,125,55,135,55,45,80,8,100,57,100,94,125,40,125,80,45,60,80,60,41,60,80,29,32,8,32,8,29,32,29,45,80,45,80,45,8,4,8,95,39,106,40
"107",77,42,118,47,21,47,136,127,135,47,135,127,87,42,109,42,99,98,77,98,133,98,128,114,128,6,37,81,54,138,124,1,124,1,64,111,91,6,129,6,129,67,20,6,134,74,114,25,52,64,99,93,82,64,1,116,107,116,63,116,34,116,63,116,63,124,107,88,72,101,9,50,64,116,107,138,107,88,72,101,137,67,20,103,20,88,67,137,69,138,54,111,101,137,138,37,3,22,3,22
"108",77,109,19,109,112,133,112,133,70,133,112,98,99,64,83,64,71,59,25,119,74,114,74,43,134,74,128,25,128,43,128,25,129,103,107,88,107,20,107,20,91,6,22,134,74,134,22,119,74,134,43,128,52,25,128,43,128,114,64,111,103,20,129,134,43,128,119,22,134,22,3,65,3,119,81,91,20,107,124,116,124,1,124,116,1,124,72,101,138,67,6,91,6,129,6,134,6,129,6,91
"109",77,98,77,112,109,51,90,99,90,99,51,99,51,19,99,93,83,56,93,64,1,124,88,20,88,138,54,119,37,6,91,20,91,111,91,6,134,78,91,103,111,63,9,101,88,72,101,72,9,85,28,64,82,111,124,93,1,116,63,64,2,101,88,67,37,81,119,25,128,91,111,64,34,28,4,32,45,80,125,94,24,94,122,75,122,75,122,75,24,75,55,40,135,47,21,106,23,120,121,108
"110",77,109,99,93,64,82,98,42,87,132,41,36,40,106,121,96,121,14,84,36,41,60,36,84,36,16,132,40,106,132,36,60,41,132,87,132,53,84,132,90,75,105,92,135,92,27,105,71,105,64,9,63,124,1,116,1,116,83,56,50,64,28,5,57,4,32,29,32,55,45,80,29,45,32,45,32,29,80,125,57,28,85,139,28,7,57,124,116,34,116,56,15,18,75,122,18,44,15,33,62
"111",77,98,128,134,6,134,22,119,22,74,134,6,81,54,138,54,69,46,2,111,91,128,81,64,128,25,128,91,43,82,91,20,103,6,3,65,22,134,43,128,82,98,93,99,62,90,99,90,127,136,48,53,48,127,121,106,53,127,35,132,95,40,41,16,41,60,16,60,45,29,32,4,7,15,62,56,50,7,90,105,92,27,59,139,64,43,78,6,129,6,37,67,88,67,88,124,138,59,27,71
"112",77,42,7,15,56,83,1,64,111,63,116,63,9,72,111,72,63,139,85,64,93,99,51,99,10,99,89,112,98,77,98,128,6,128,52,81,37,81,3,65,3,22,119,3,65,3,65,3,37,6,91,43,128,64,111,101,2,137,101,111,101,2,27,71,64,128,52,59,71,55,27,71,27,71,27,59,64,52,25,128,52,25,119,25,119,22,134,25,119,128,25,114,105,58,113,77,98,112,133,98
"113",77,99,90,87,99,98,109,112,26,123,70,26,123,70,133,112,10,89,26,89,51,19,10,77,42,87,102,120,121,106,132,21,132,127,21,132,35,127,47,136,47,21,127,21,132,21,47,21,48,53,84,53,48,127,21,47,136,47,21,127,97,42,97,102,87,102,120,102,108,102,127,53,127,21,132,127,117,136,127,97,42,105,42,97,136,42,87,109,42,118,105,55,125,24,8,95,35,23,95,75
"114",77,98,133,98,118,105,64,9,34,64,111,101,88,107,20,107,124,2,101,72,101,124,83,64,98,43,78,103,20,88,101,72,101,124,54,138,67,88,138,54,69,137,2,27,92,135,40,125,24,94,24,125,8,80,29,80,45,29,45,80,60,36,84,14,121,106,36,14,84,36,60,36,41,36,41,60,41,60,36,41,60,45,41,60,41,60,36,16,36,60,45,105,55,125,8,32,29,125,24,125
"115",77,58,98,77,58,42,97,108,12,108,12,53,12,96,121,106,39,125,39,106,121,84,36,16,36,16,41,16,21,48,47,118,42,87,42,97,42,105,114,11,58,105,58,77,98,128,52,81,37,3,65,3,65,3,119,54,27,138,69,46,69,131,69,131,2,101,9,1,116,63,9,2,138,54,119,74,114,105,15,62,44,18,44,18,94,100,4,8,32,105,42,118,136,47,135,92,135,55,45,29
"116",77,98,77,42,118,136,127,132,21,106,21,132,21,127,136,47,135,55,45,32,45,8,29,45,125,80,60,41,60,41,132,21,47,136,127,121,127,117,108,73,61,66,31,126,38,130,104,130,110,86,38,86,110,86,61,86,126,38,86,61,38,86,61,113,61,66,61,38,104,130,79,49,115,113,61,38,126,38,86,110,130,104,130,38,126,38,104,30,113,30,68,30,68,30,61,38,126,66,61,31
"117",77,58,105,92,55,105,100,94,24,39,125,39,24,94,125,8,100,8,4,8,4,8,32,8,32,105,15,105,17,105,32,8,29,32,7,5,17,34,63,111,82,111,64,34,64,85,64,139,28,85,139,64,81,37,81,37,81,6,78,6,128,114,11,58,7,64,52,128,82,98,112,133,43,134,6,103,78,129,6,134,74,43,134,6,81,3,22,65,119,22,6,81,37,81,37,81,91,103,81,37
"118",77,109,113,77,98,133,112,109,77,98,109,77,98,42,136,48,127,53,102,120,102,108,121,96,102,120,121,12,108,12,14,84,53,108,97,87,35,23,87,132,48,53,14,84,14,84,121,106,23,120,121,96,12,102,96,121,12,121,96,121,14,106,36,132,106,40,24,75,94,122,95,18,5,28,64,15,90,87,42,118,47,21,132,21,132,53,48,47,136,127,35,90,19,10,19,90,99,51,89,51
"119",77,99,93,56,99,10,19,90,99,19,10,112,133,112,133,70,123,70,123,70,133,112,10,89,123,70,133,70,123,26,89,99,90,109,19,10,112,133,112,10,99,62,99,56,44,122,75,18,44,18,94,24,94,100,4,100,8,80,45,29,32,4,8,29,80,8,32,8,125,8,4,8,4,8,4,28,64,43,128,82,91,82,93,82,99,64,7,28,4,139,64,34,50,116,139,63,111,64,85,139
"120",77,98,42,87,97,102,108,73,108,96,121,84,106,132,21,132,106,132,21,127,53,84,48,21,47,21,106,36,106,132,21,127,106,132,16,132,41,60,80,41,60,80,41,40,125,57,17,105,32,8,32,8,32,125,29,80,60,40,125,8,4,100,17,18,5,28,7,4,8,4,100,57,125,29,32,105,15,33,35,90,15,90,99,62,15,44,51,19,99,89,83,51,109,90,33,19,51,89,26,89
"121",77,99,82,111,6,129,91,6,128,52,64,50,18,15,90,99,90,18,44,56,44,62,15,93,64,7,5,17,135,40,125,94,24,40,41,60,16,41,21,127,23,39,24,75,122,95,122,95,122,95,24,94,24,75,95,23,120,121,106,39,40,125,32,8,95,122,18,15,62,122,75,24,75,122,75,95,8,4,28,139,28,57,17,105,90,105,122,18,44,18,105,32,105,7,28,4,32,105,15,56
"122",77,98,42,99,19,90,35,90,99,112,89,99,109,112,89,112,133,70,123,70,123,26,89,10,99,10,99,64,114,119,25,114,11,114,64,93,83,56,93,15,64,129,20,88,72,107,1,83,56,62,44,56,93,64,93,64,93,56,93,56,83,64,1,116,63,124,116,124,1,64,1,124,107,124,107,88,124,111,72,124,1,63,9,2,64,7,33,62,15,18,44,62,15,35,33,35,75,24,94,75
"123",77,98,77,98,112,109,99,42,87,42,58,42,87,97,42,105,118,47,21,47,48,127,108,73,97,87,90,99,90,35,95,48,132,21,40,125,40,125,40,41,80,125,40,125,8,125,45,80,29,80,29,32,105,118,105,124,63,116,124,116,56,44,122,44,56,51,19,51,99,109,77,109,99,98,43,78,43,134,74,22,119,74,128,82,128,114,128,25,128,25,119,25,128,25,52,64,83,51,19,109
"124",77,98,82,128,64,83,56,44,15,122,75,24,94,75,94,18,15,122,18,83,82,128,114,11,58,42,90,62,15,99,90,109,99,51,99,10,51,19,99,56,99,98,77,105,15,62,99,19,51,83,89,10,19,51,19,51,19,109,19,109,112,77,109,98,109,19,99,62,33,62,33,35,33,35,23,95,122,75,122,95,122,75,24,94,100,94,100,94,24,39,24,75,122,18,15,44,122,18,44,122
"125",77,98,112,133,98,77,112,133,112,98,82,99,62,99,93,64,34,64,7,52,128,25,119,74,119,74,6,81,6,128,43,103,111,91,6,134,43,134,128,6,67,137,67,88,67,37,81,37,81,52,128,82,111,63,116,34,64,34,64,52,128,43,128,43,128,52,128,43,128,43,128,25,119,22,119,25,128,91,82,77,98,77,58,77,98,114,105,62,15,5,57,100,28,57,5,57,100,57,8,4
"126",77,98,77,58,7,28,85,139,63,124,1,64,34,139,59,27,2,111,72,124,116,34,116,1,116,124,111,107,88,72,63,111,124,90,32,45,32,45,80,29,8,4,85,139,85,9,101,72,107,20,67,137,101,137,69,137,69,137,2,101,137,67,137,2,54,81,111,9,85,64,1,116,34,116,34,28,7,4,28,4,57,8,4,8,100,94,100,94,24,75,122,35,90,99,90,35,132,95,35,87
"127",77,98,99,51,99,64,52,59,27,138,69,137,131,69,54,138,54,138,37,81,37,69,46,69,46,69,46,2,101,9,139,4,8,125,24,125,55,92,55,32,105,7,52,7,50,34,50,34,50,34,28,139,116,124,9,101,88,107,20,111,9,101,46,137,67,20,111,64,91,111,63,9,111,63,9,63,139,28,139,28,7,125,40,125,40,41,36,106,40,135,40,36,53,127,132,127,132,21,132,16
"128",77,10,99,51,19,51,10,19,10,89,99,90,99,98,43,99,109,99,62,15,62,99,89,10,109,10,99,62,33,90,105,7,17,18,7,85,28,85,9,1,116,63,85,139,28,4,8,32,8,4,32,92,71,92,105,8,4,32,105,64,9,101,2,101,72,124,116,34,116,34,50,64,52,64,52,25,128,114,64,50,15,7,4,105,55,45,29,80,125,94,100,4,8,32,8,32,8,125,100,57
"129",77,98,128,114,64,59,64,7,28,100,28,124,1,34,28,85,28,100,28,5,57,28,100,4,7,93,56,15,44,15,7,15,62,15,122,95,39,125,55,135,92,105,5,94,18,17,7,15,56,44,62,33,35,95,35,23,95,122,18,94,24,94,24,94,24,95,8,4,100,4,100,17,94,24,125,100,94,125,40,106,132,41,80,29,8,125,40,135,55,125,55,40,106,36,41,80,125,29,32,8
"130",77,42,97,87,42,58,42,127,48,127,136,47,135,40,106,95,23,120,102,35,90,15,62,90,35,90,109,112,133,112,109,77,109,112,133,112,133,112,133,112,133,112,10,89,123,70,123,70,123,26,123,70,123,89,10,77,99,10,19,51,99,109,77,58,113,97,42,77,87,90,105,90,99,77,98,128,74,43,78,129,134,6,91,111,103,20,107,124,116,124,138,124,93,82,128,25,119,74,134,128
"131",77,42,64,59,52,7,28,64,105,62,135,106,36,40,36,16,21,127,132,21,16,36,40,125,40,135,17,5,18,15,62,105,92,71,92,27,92,105,115,105,42,58,105,90,109,87,42,109,77,98,105,118,105,71,27,55,45,80,60,36,41,60,16,36,40,36,106,36,40,60,41,60,40,125,40,36,40,55,105,55,45,80,29,32,8,4,7,139,85,9,85,124,1,50,64,98,133,70,26,123
"132",77,113,30,61,30,113,30,104,31,13,31,126,31,13,31,13,79,76,104,68,30,113,30,68,30,68,113,109,97,42,77,42,7,71,105,77,58,105,52,64,52,64,111,91,82,93,64,98,112,133,112,133,98,77,98,77,98,112,133,112,133,112,26,89,83,7,5,50,34,50,64,1,64,128,82,128,43,128,6,91,129,6,128,81,37,25,128,25,128,25,119,37,6,67,129,6,64,27,92,105
"133",77,98,112,10,112,77,98,82,99,98,42,58,105,118,136,42,98,112,133,70,123,70,123,133,112,70,123,26,112,10,112,109,99,90,7,28,64,99,10,99,56,15,7,64,34,50,5,4,8,4,8,125,8,100,4,28,5,50,1,116,124,63,111,103,129,20,91,67,20,107,101,137,88,107,88,67,137,69,54,81,54,138,54,37,81,52,64,111,72,88,107,138,2,46,69,46,137,69,138,137
"134",77,98,114,105,55,45,32,8,32,45,29,8,100,4,100,8,32,8,32,45,40,125,24,75,95,23,35,33,15,18,122,75,122,95,75,18,122,18,44,18,17,75,35,122,75,17,105,135,40,135,47,48,21,132,106,23,120,102,35,33,62,90,19,10,89,51,10,99,90,42,98,99,51,62,33,35,102,35,90,21,132,21,132,36,132,84,14,84,14,84,121,12,108,102,23,120,106,121,96,121
"135",77,58,42,87,42,97,113,109,99,98,77,109,90,19,51,99,51,56,93,56,99,109,98,77,42,58,7,18,122,18,44,56,83,111,103,91,6,134,78,43,98,77,109,42,98,133,112,98,133,112,98,77,82,93,82,128,25,134,129,91,6,129,78,43,134,6,91,88,107,20,91,128,25,128,43,129,20,107,88,72,63,124,15,62,33,62,18,122,95,122,95,106,36,106,23,120,23,35,75,18
"136",77,10,89,10,109,98,112,10,99,93,83,51,90,87,102,120,102,53,84,53,127,47,118,47,136,117,108,12,121,106,40,21,47,21,47,118,42,58,11,105,28,139,28,5,18,5,50,34,1,64,52,64,82,93,99,51,19,51,19,99,90,55,92,71,27,59,64,28,4,124,63,124,88,107,88,20,129,6,81,37,81,37,81,37,54,138,54,67,20,129,134,43,98,77,42,118,136,47,135,40
"137",77,98,77,98,112,26,123,89,112,89,10,99,109,42,87,97,42,77,98,42,113,30,61,30,61,30,61,66,61,66,126,66,61,30,113,97,87,42,109,113,30,68,30,61,31,38,126,38,86,38,126,38,86,38,61,113,30,113,68,30,61,113,30,115,30,113,30,113,97,87,73,97,87,97,127,48,47,135,21,132,84,14,84,36,132,41,36,84,14,84,36,16,132,106,36,84,132,16,84,16
"138",77,99,109,19,109,42,118,7,4,8,125,55,17,57,17,32,8,4,8,29,32,17,5,28,100,4,8,32,15,87,90,99,89,26,123,26,123,26,10,89,26,123,70,26,112,133,98,118,47,135,55,105,118,105,118,136,97,73,108,12,14,53,84,132,127,90,99,89,10,19,10,99,90,99,51,19,10,99,82,91,134,6,91,103,20,81,37,67,88,107,111,82,91,129,6,91,128,43,128,52
"139",77,99,62,15,62,44,18,15,64,50,56,44,15,62,99,51,19,10,99,90,19,99,90,35,122,17,57,100,94,17,57,7,64,1,101,72,101,46,69,131,69,46,69,137,67,138,137,46,69,46,69,54,81,37,2,137,69,46,2,101,72,124,63,116,124,72,101,2,46,69,137,101,2,137,131,54,138,54,138,67,129,6,81,37,81,37,3,119,22,65,119,81,37,81,37,6,119,25,119,81
"140",77,133,70,133,112,77,98,77,98,77,98,112,98,133,70,123,70,123,26,89,99,10,77,109,77,98,109,112,133,112,133,70,123,26,123,70,133,70,133,70,123,26,10,77,42,105,15,62,99,62,56,50,1,116,124,1,85,9,85,9,101,46,137,46,2,137,67,54,27,59,64,50,15,105,71,55,41,16,41,40,132,21,135,127,117,127,48,53,84,53,84,14,84,14,121,12,121,96,121,96
"141",77,112,89,26,123,26,123,70,133,70,123,70,123,70,133,98,128,114,105,42,87,102,120,102,120,23,95,122,75,24,95,122,35,95,75,122,75,24,75,122,75,24,94,24,94,24,125,39,24,39,40,125,135,92,55,135,55,105,8,125,8,32,45,80,60,41,60,36,41,36,106,21,127,132,127,48,84,106,121,96,121,120,121,120,102,120,102,96,12,108,102,108,12,121,120,102,120,121,96,108
"142",77,99,82,111,63,116,93,64,1,124,64,34,1,9,85,9,1,124,72,101,2,111,124,107,88,124,116,63,116,63,124,116,139,116,34,116,124,72,111,91,103,129,67,137,131,69,131,67,6,81,111,64,1,64,34,50,15,44,18,44,18,15,105,58,105,52,64,1,124,88,67,88,107,88,107,124,116,34,1,83,89,10,99,93,64,1,64,34,64,128,114,105,58,113,30,113,30,113,30,61
"143",77,58,114,74,22,134,91,20,129,6,67,6,134,43,128,6,43,128,25,128,74,134,128,25,128,25,114,64,1,34,1,64,81,37,81,69,131,69,131,137,46,137,46,101,137,67,52,64,9,2,111,124,1,116,139,34,116,34,116,63,9,1,34,64,34,28,85,63,124,107,101,9,101,107,101,9,64,28,5,7,15,62,51,19,90,99,51,99,90,35,95,106,40,106,132,21,47,118,42,136
"144",77,98,112,10,112,133,112,133,98,7,5,28,4,28,57,105,77,82,111,63,9,101,9,81,111,64,52,25,6,134,6,91,111,83,56,15,122,18,94,5,28,4,8,32,45,80,29,8,80,45,29,80,41,40,21,127,132,21,132,106,132,84,16,60,36,60,16,36,40,135,21,135,55,105,114,11,114,74,134,6,129,6,91,82,64,1,64,59,139,116,124,72,124,63,116,124,111,107,88,20
"145",77,98,82,91,43,78,129,6,128,98,109,87,90,62,44,18,94,24,95,122,75,24,75,122,75,24,94,100,17,57,17,57,100,94,24,75,122,75,24,94,24,94,24,125,40,125,80,45,80,8,32,105,7,128,43,128,64,93,15,56,83,28,85,28,139,34,50,64,83,1,9,111,63,139,28,4,5,7,93,56,44,62,35,132,41,45,125,39,24,125,94,125,24,125,39,40,135,47,136,42
"146",77,98,99,62,15,105,62,33,35,122,44,15,56,116,1,64,28,5,17,75,122,75,122,95,106,36,84,53,132,21,48,21,47,136,117,127,84,14,84,53,127,48,136,127,136,117,136,42,118,42,77,98,133,70,133,98,99,42,64,128,43,98,43,134,91,43,128,64,98,99,98,128,114,128,43,128,82,91,134,6,74,119,74,119,65,3,22,3,65,119,22,65,22,134,78,43,134,128,67,20
"147",77,113,30,113,61,38,86,38,76,61,30,113,77,109,42,87,97,117,97,108,102,108,12,108,12,108,127,97,42,64,93,64,81,37,81,37,54,69,131,69,137,69,138,2,137,67,6,67,25,119,25,128,43,128,82,128,25,119,81,37,81,37,81,37,81,37,67,88,107,20,129,6,67,129,103,91,43,128,105,71,105,90,105,42,105,18,44,62,15,90,15,44,62,33,62,33,62,15,105,90
"148",77,109,19,51,83,1,116,1,83,64,1,83,1,64,83,89,10,89,109,77,10,89,51,19,62,44,18,122,95,122,18,15,56,83,59,27,59,27,138,54,25,93,56,93,99,51,90,105,92,71,27,59,64,128,64,34,50,34,1,116,139,64,83,56,15,64,7,17,100,4,8,4,8,55,105,58,42,97,127,21,106,95,75,95,75,24,94,24,39,24,94,100,17,7,5,50,7,128,25,128
"149",77,112,133,70,123,26,112,133,77,98,77,113,61,66,61,66,61,113,30,68,30,61,113,30,115,30,68,30,113,58,42,58,99,82,98,112,98,43,128,119,25,128,91,6,129,78,43,78,43,128,82,43,128,64,1,124,1,93,99,93,64,115,49,115,49,31,13,79,13,31,61,66,86,38,76,61,113,61,66,126,66,126,38,130,38,61,13,79,13,49,115,58,42,105,114,11,114,128,43,128
"150",77,99,82,93,64,139,85,63,124,72,107,88,101,9,124,107,88,107,2,101,9,85,64,7,93,15,62,122,95,39,95,127,97,113,61,66,126,31,126,76,61,38,126,66,61,76,38,86,66,126,38,76,31,79,13,79,31,104,61,30,115,42,136,48,122,75,105,17,100,57,100,18,122,95,125,40,106,36,41,60,41,60,41,60,36,84,53,117,108,96,12,108,12,108,12,14,108,117,108,12
"151",77,98,64,93,99,56,99,10,112,98,112,109,77,109,77,109,99,62,15,44,56,93,15,7,15,7,139,116,1,9,72,111,72,111,1,116,1,124,138,67,131,69,131,137,69,46,69,137,69,54,138,54,138,54,138,54,137,131,67,20,107,20,107,20,67,137,69,131,69,54,9,85,139,7,64,34,116,124,72,63,124,50,124,111,63,50,5,50,34,64,9,63,9,63,116,1,124,1,116,34
"152",77,98,77,98,112,70,123,70,123,70,123,70,123,89,26,123,70,133,70,123,26,123,70,112,133,98,77,109,42,58,42,87,136,42,58,11,105,32,15,122,75,105,52,67,2,67,88,67,137,67,131,138,2,9,139,85,139,28,139,34,50,28,34,116,63,124,72,88,67,20,88,67,137,46,69,54,81,37,81,54,81,37,81,37,3,65,119,25,119,25,128,98,114,98,133,112,133,112,10,19
"153",77,98,77,112,98,43,128,64,93,91,111,63,116,124,72,124,63,111,64,52,64,1,124,101,88,107,88,101,2,46,6,81,6,129,6,91,103,111,81,37,81,3,22,119,128,64,81,37,131,69,137,138,54,138,54,67,20,129,6,129,78,103,129,25,119,74,43,74,22,119,25,64,7,64,98,70,133,70,112,98,42,87,109,87,97,102,23,39,106,132,21,48,53,84,36,60,41,80,8,125
"154",77,109,90,99,90,35,23,95,90,105,92,135,92,105,32,4,32,8,4,7,57,7,28,85,139,116,1,64,90,95,35,87,42,87,97,117,127,48,42,98,99,109,112,98,112,98,105,135,47,136,97,30,115,42,97,117,108,96,121,106,36,39,24,75,24,75,122,95,35,95,122,95,40,125,40,60,36,106,121,84,48,40,135,80,45,29,32,29,45,32,29,80,60,80,32,55,32,8,32,29
"155",77,87,90,87,90,35,23,120,121,106,36,84,14,53,84,14,84,36,41,16,60,80,29,4,7,114,119,25,119,22,3,22,65,3,22,119,22,119,22,134,78,43,98,77,113,97,73,108,12,53,127,53,84,53,97,30,113,30,115,49,30,68,30,61,66,86,38,126,38,86,126,38,130,38,86,38,130,38,130,38,61,30,68,104,130,38,86,38,110,86,126,66,61,38,126,76,79,31,13,76
"156",77,99,109,77,82,99,93,64,105,15,18,17,5,50,56,50,34,28,100,4,8,100,8,4,8,95,105,71,27,64,93,99,56,50,7,90,62,44,51,99,109,77,98,128,114,105,55,17,34,139,9,139,116,1,64,1,34,64,56,99,56,15,35,95,122,105,17,57,17,57,7,64,52,64,28,64,9,101,111,64,99,77,113,30,68,30,113,30,49,115,58,128,6,111,128,43,74,43,134,78
"157",77,99,109,112,133,112,133,112,133,112,98,77,98,77,98,112,133,112,133,43,78,6,129,6,129,6,91,111,72,101,124,63,124,1,124,9,85,50,64,59,82,43,78,134,3,65,3,74,114,74,43,128,25,128,6,81,128,114,11,114,105,55,125,55,92,135,36,40,106,95,122,75,24,75,24,8,32,45,55,40,36,60,41,16,60,41,80,40,60,40,39,106,40,106,39,24,125,100,57,100
"158",77,109,90,87,90,15,7,85,116,139,63,116,124,107,20,67,6,129,134,43,128,82,128,82,128,43,128,6,129,134,129,6,91,82,43,82,93,64,25,128,43,128,114,105,15,64,99,82,128,74,114,11,114,105,71,93,99,64,50,5,28,85,9,50,56,62,44,15,44,18,44,62,56,50,34,116,63,116,63,139,85,139,7,64,83,59,105,98,109,99,51,99,42,109,77,109,99,19,51,62
"159",77,98,42,118,42,99,109,77,105,90,99,10,112,10,112,89,10,109,112,133,98,133,82,111,72,9,1,34,1,9,72,111,63,124,101,72,111,103,20,103,20,67,137,131,137,131,69,46,69,46,101,9,63,111,101,2,101,2,9,101,72,63,116,56,64,124,116,107,88,67,137,67,88,107,101,107,124,63,1,116,1,116,34,50,5,100,8,90,99,118,98,99,10,112,26,123,26,70,123,70
"160",77,98,77,112,89,51,89,10,99,90,33,90,87,42,64,34,64,99,82,99,90,87,90,99,109,77,113,30,113,30,61,30,68,30,68,30,68,30,113,30,113,68,104,38,104,130,38,86,38,110,130,38,126,86,38,86,38,110,38,76,13,76,130,38,130,76,79,31,104,31,79,49,115,49,31,104,79,13,61,31,79,104,30,97,102,108,117,108,102,23,35,33,19,99,89,10,112,133,112,133
"161",77,98,77,98,133,70,133,112,133,98,42,109,99,51,99,42,77,109,112,133,112,133,112,133,112,109,98,77,58,105,15,64,9,72,124,63,116,1,64,83,56,64,52,7,5,18,122,75,24,39,106,121,127,21,132,16,132,40,125,8,32,29,80,125,40,125,94,122,75,24,94,56,62,33,15,62,122,75,94,24,75,122,15,122,95,122,18,44,15,18,44,56,93,82,128,43,128,64,1,64
"162",77,98,112,10,19,109,77,109,77,98,58,77,109,113,30,113,30,113,97,136,97,109,77,98,77,98,77,105,92,27,59,27,71,105,58,42,98,128,52,64,128,25,128,52,81,37,81,128,52,128,25,128,81,64,15,56,44,18,15,93,64,58,77,98,77,109,77,112,70,123,70,123,26,123,70,112,133,70,123,70,112,77,98,77,82,43,98,77,109,19,10,19,99,51,99,51,19,99,19,51
"163",77,98,77,112,10,19,90,35,62,33,35,102,120,121,106,21,106,132,84,36,16,41,36,40,106,40,106,95,8,4,8,45,29,45,80,45,55,125,40,60,36,84,14,84,14,12,121,12,53,12,108,12,53,14,53,84,36,41,106,23,120,102,87,99,90,99,19,51,89,123,70,123,70,123,70,123,26,89,112,133,70,123,26,123,70,98,77,58,105,32,55,40,125,24,75,122,35,33,62,15
"164",77,10,89,99,10,26,123,26,10,26,123,89,99,51,99,56,93,64,93,83,89,10,112,89,51,19,33,90,99,82,128,64,114,128,6,91,6,129,6,78,134,74,119,22,3,81,37,131,2,101,111,82,128,43,78,43,134,25,128,133,112,109,77,42,97,109,77,105,15,44,15,62,56,62,105,90,105,99,51,62,15,64,139,28,7,4,100,8,32,105,58,64,93,99,19,10,89,10,19,109
"165",77,98,82,98,58,11,105,42,136,48,127,42,64,1,116,64,34,64,83,64,58,115,49,115,49,31,79,31,49,115,49,31,104,30,49,79,31,13,79,76,79,31,13,31,13,31,61,104,31,66,61,76,130,104,13,79,31,76,38,76,38,86,38,130,38,130,38,104,79,31,13,31,61,30,68,30,61,104,31,104,68,30,113,61,113,61,76,38,126,38,76,38,126,38,86,38,130,104,38,31
"166",77,42,97,42,118,99,62,44,56,93,64,52,128,43,128,114,105,55,45,60,36,16,41,36,84,121,14,53,132,21,16,132,53,84,36,106,39,24,75,24,125,100,8,32,4,100,4,8,32,8,4,100,57,100,28,64,94,24,40,125,40,125,40,60,80,60,40,36,60,36,132,135,40,36,14,121,84,121,14,84,106,40,60,41,16,36,106,121,120,121,96,108,117,108,73,108,12,96,12,14
"167",77,10,77,98,77,98,77,98,133,98,77,42,118,47,135,21,48,136,118,42,118,117,127,84,14,84,53,48,127,95,125,40,24,39,106,39,24,95,23,120,23,39,24,75,24,94,24,39,24,75,24,39,40,125,40,125,45,29,45,29,45,29,80,29,80,8,32,8,32,17,55,105,75,24,75,122,75,35,75,24,39,24,94,100,94,24,125,24,75,24,94,100,17,105,62,99,109,99,109,19
"168",77,109,19,10,89,26,123,70,133,112,89,51,19,90,55,105,18,35,132,21,132,21,132,127,132,106,121,120,102,120,121,14,84,36,106,135,55,40,41,36,40,41,60,41,36,40,106,36,14,121,12,121,96,12,121,96,12,108,12,96,121,96,121,120,121,106,121,120,121,120,121,106,21,135,40,24,39,125,40,135,92,105,17,75,122,75,95,127,47,118,105,32,29,32,29,80,41,40,60,36
"169",77,109,112,98,42,105,11,58,64,59,83,64,128,25,134,78,43,128,81,131,69,46,69,131,69,137,131,137,54,119,25,128,134,74,6,129,103,20,91,6,129,67,88,72,124,64,83,93,64,9,2,64,1,9,85,28,5,50,5,18,44,15,105,55,40,132,127,95,23,95,23,95,35,127,135,47,135,125,94,24,94,24,39,125,8,125,40,106,21,132,106,40,60,80,41,60,40,127,48,127
"170",77,10,89,26,89,99,62,15,18,15,33,62,51,83,99,90,19,51,99,93,82,111,64,56,83,59,27,92,55,92,71,27,92,105,71,27,64,52,64,34,1,83,51,99,51,90,19,51,89,10,19,109,99,51,19,51,90,99,15,18,44,18,75,17,7,4,32,105,114,128,25,128,43,78,129,103,91,6,128,37,81,131,137,67,59,54,138,6,81,37,67,6,22,134,129,103,20,129,67,129
"171",77,99,82,91,20,107,88,107,138,54,37,131,69,54,138,137,101,2,101,107,88,67,2,137,131,54,27,92,105,71,105,15,18,15,7,105,7,28,7,17,100,4,100,94,24,94,24,75,95,75,122,18,17,5,28,100,4,5,28,4,100,94,125,29,80,45,125,40,41,60,36,40,39,24,94,24,40,105,58,77,112,10,89,10,19,10,99,82,91,111,64,52,64,15,105,58,42,97,42,118
"172",77,98,128,52,118,42,64,52,64,85,124,1,9,1,64,85,9,63,111,82,111,72,88,107,88,124,56,64,85,63,15,99,10,51,99,10,19,109,99,64,93,64,7,28,7,4,100,57,5,7,4,57,17,7,15,56,44,15,62,33,15,105,55,45,29,8,80,29,32,45,55,135,55,45,32,29,45,80,45,40,125,39,125,40,36,106,121,106,40,55,27,59,27,138,54,69,138,59,82,99
"173",77,113,30,61,86,38,126,38,76,104,130,76,130,38,126,66,31,49,115,49,115,58,115,113,109,77,10,99,82,133,82,43,6,128,134,129,20,91,103,91,20,67,6,134,78,6,67,6,134,22,74,119,25,128,82,93,116,1,124,63,111,64,9,64,82,124,63,116,1,107,88,101,124,63,116,139,28,57,4,100,17,75,122,75,95,35,33,122,105,55,105,42,105,15,62,99,56,93,34,116
"174",77,109,87,102,97,87,132,21,132,53,84,36,16,41,36,106,36,84,36,106,132,106,36,16,36,41,16,41,60,41,60,80,60,40,125,8,125,55,8,4,7,105,7,118,136,42,87,42,109,99,51,56,15,105,32,105,62,15,56,62,44,17,105,55,71,128,134,128,43,99,10,112,133,128,134,6,129,20,103,129,6,129,78,129,25,74,119,114,105,58,77,109,19,51,19,51,19,51,62,15
"175",77,42,71,27,71,105,55,105,11,58,42,58,105,71,92,27,138,54,67,54,138,27,55,105,92,27,71,92,55,8,32,8,100,57,17,57,17,94,125,8,4,8,32,8,29,8,4,8,32,105,55,45,32,45,80,29,80,60,41,40,80,60,16,21,132,21,48,84,36,132,21,132,21,47,21,40,135,55,40,125,40,125,24,94,100,4,100,125,40,48,132,84,48,42,90,105,71,92,55,92
"176",77,42,64,52,64,1,50,64,50,15,44,18,122,75,24,125,55,45,55,27,138,137,46,138,27,59,27,59,25,52,81,119,25,119,81,119,25,119,25,119,74,114,119,3,65,3,37,81,37,81,37,81,6,129,78,6,22,3,65,3,22,3,6,91,111,91,129,67,2,137,46,101,63,111,64,52,64,50,34,124,1,116,34,139,64,91,111,1,116,15,62,105,92,105,58,113,68,30,113,115
"177",77,10,26,123,26,123,26,89,82,93,56,99,82,64,128,64,28,34,50,34,1,64,42,118,42,99,56,99,93,124,107,20,67,137,67,20,103,91,93,1,9,85,9,72,9,116,1,116,1,124,116,1,64,7,17,105,92,135,92,135,55,45,125,40,125,40,106,132,53,127,53,127,23,39,24,39,23,102,120,102,120,102,120,121,120,102,120,121,96,108,12,108,12,108,102,87,42,105,55,45
"178",77,98,128,133,112,89,26,89,123,26,123,70,133,112,89,10,26,89,51,99,89,26,10,89,123,70,123,26,123,26,123,26,89,10,19,10,89,26,123,70,133,70,133,70,133,112,133,112,133,70,123,26,123,70,123,26,123,70,123,26,89,26,123,70,123,70,123,26,123,70,123,70,123,26,70,123,70,133,70,123,89,26,89,10,89,51,83,64,52,25,52,64,52,64,52,25,128,52,81,91
"179",77,98,112,99,90,33,62,33,62,99,62,99,90,116,1,83,99,82,111,64,1,34,64,93,64,83,89,10,19,99,109,98,112,70,123,89,83,89,10,99,51,19,62,33,62,33,51,83,56,44,18,5,18,94,24,125,40,125,135,92,105,32,29,32,8,32,17,105,52,25,134,6,103,129,6,129,6,134,22,119,25,52,64,93,5,17,57,17,122,75,24,94,18,105,58,77,98,42,118,47
"180",77,98,118,136,58,105,71,27,71,27,71,27,55,105,71,27,138,69,131,69,137,67,129,6,129,6,129,6,20,107,88,67,137,2,46,69,46,2,67,138,27,71,105,15,100,57,100,28,85,64,34,28,85,64,52,118,136,118,105,42,97,30,113,30,113,30,113,61,66,61,38,86,66,86,38,104,31,79,13,79,49,104,113,68,113,115,49,115,49,115,49,115,58,42,113,30,61,30,113,61
"181",77,82,128,25,52,64,59,27,92,105,27,59,64,1,116,34,50,34,1,116,1,83,1,124,1,64,139,64,7,50,34,64,52,64,82,91,6,134,128,74,119,25,52,64,34,116,56,50,5,50,1,64,139,64,7,15,90,15,105,42,64,91,6,81,54,138,2,101,72,124,1,83,89,99,51,99,19,90,19,51,99,90,99,56,15,90,99,42,98,77,109,112,133,112,133,70,123,70,123,70
"182",77,98,42,77,43,82,128,43,128,81,52,64,93,64,34,124,1,124,107,111,124,107,88,107,20,67,129,91,64,34,116,124,116,64,9,101,111,72,101,9,72,9,63,101,9,101,72,111,2,137,67,137,69,137,67,2,101,72,101,137,88,107,88,67,137,101,88,107,88,20,107,20,129,78,134,91,111,82,128,114,105,98,77,58,77,58,64,15,90,15,62,44,18,75,35,127,53,84,132,21
"183",77,105,75,24,75,62,15,18,122,95,132,21,132,41,60,41,36,84,132,106,132,41,36,106,36,21,47,136,117,121,96,12,108,96,121,96,102,97,117,12,53,127,136,42,97,102,120,102,53,12,14,53,117,108,96,121,120,102,108,96,121,106,121,120,106,84,36,84,14,12,108,12,121,96,12,108,117,97,87,35,90,99,82,64,34,50,1,124,72,88,67,2,67,6,91,43,78,129,6,91
"184",77,109,112,133,98,77,109,99,77,99,90,51,99,51,83,59,27,138,54,138,54,119,74,119,22,134,6,128,64,34,64,42,7,28,64,50,64,83,56,50,34,64,1,34,64,52,128,25,119,22,134,22,74,119,54,131,69,138,124,63,9,101,46,69,46,69,54,138,54,27,138,54,138,124,72,63,116,124,63,72,111,63,139,7,57,17,75,122,15,57,5,18,15,99,109,51,99,51,62,15
"185",77,112,133,70,133,112,109,42,58,115,49,79,104,31,66,126,66,61,66,61,38,130,76,126,61,66,126,66,61,38,86,66,86,38,86,66,126,66,126,38,130,104,31,126,38,76,31,66,86,38,126,76,38,104,31,79,31,13,79,31,66,61,113,30,61,104,49,115,113,30,113,77,98,77,98,112,89,123,26,89,10,99,89,10,19,99,62,15,99,42,118,47,21,132,21,132,127,53,117,136
"186",77,98,112,70,133,98,77,109,19,10,99,51,89,112,109,112,77,98,77,98,112,89,10,19,10,19,51,89,112,133,112,109,112,77,98,82,111,9,2,101,63,9,111,82,93,99,51,99,90,105,90,15,125,80,29,125,24,75,24,75,122,75,95,24,125,39,125,40,60,40,21,132,21,132,106,132,106,121,12,108,12,108,12,121,96,12,108,12,121,96,102,120,121,106,40,125,80,41,132,21
"187",77,113,61,30,68,30,68,30,113,30,115,30,61,38,126,31,126,86,110,38,86,38,76,79,76,130,104,31,66,31,13,104,30,104,68,113,30,61,104,49,13,79,31,126,38,61,30,113,30,68,30,68,30,113,97,87,97,87,97,136,42,64,93,99,42,87,102,87,42,127,21,132,21,40,106,132,41,60,40,39,106,36,106,120,102,120,121,96,121,106,95,35,33,15,44,15,7,28,139,34
"188",77,112,133,70,123,70,133,98,42,136,118,136,97,87,97,113,30,104,30,68,30,61,30,61,113,30,104,38,86,38,104,38,126,61,66,86,38,126,86,38,86,38,76,13,79,13,76,130,104,31,104,79,104,79,13,79,13,104,68,30,68,104,130,38,130,104,61,31,126,66,61,38,126,66,126,86,38,76,38,126,38,130,104,49,13,76,13,31,104,30,61,30,61,76,79,13,79,13,76,38
"189",77,112,70,133,112,109,112,133,70,133,70,133,98,43,128,64,128,25,119,81,37,81,6,119,25,128,25,64,128,43,128,43,128,43,129,134,6,43,78,6,129,67,37,81,37,81,25,114,105,42,118,105,15,33,62,99,77,98,112,133,98,64,99,82,93,56,99,90,105,15,62,56,44,56,15,62,64,124,107,88,67,6,81,54,138,67,137,46,69,137,67,138,46,2,137,69,138,2,64,111
"190",77,109,97,102,35,90,15,90,15,33,35,127,136,117,108,127,117,136,42,58,42,97,87,42,97,87,42,58,42,97,42,87,73,108,12,108,127,132,21,132,84,132,21,127,135,92,105,32,8,29,45,80,60,80,125,24,39,24,75,24,39,24,94,125,29,45,80,29,80,45,55,71,105,17,75,17,44,122,75,24,39,40,132,21,132,21,106,132,41,36,106,95,127,53,84,121,120,23,48,136
"191",77,109,89,26,123,70,123,70,123,89,10,19,10,19,109,112,70,133,70,123,70,123,70,123,70,123,70,123,70,123,26,112,89,26,89,26,89,99,62,15,105,90,95,122,35,23,106,40,125,94,24,39,24,75,122,44,56,15,32,45,29,80,29,80,45,80,45,80,45,55,40,41,80,45,60,16,41,40,60,40,48,21,47,136,127,97,102,96,12,53,84,132,21,127,48,53,12,96,121,120
"192",77,10,112,133,70,123,89,83,1,64,99,51,90,51,10,19,10,89,123,70,123,89,19,51,83,89,10,19,109,77,42,58,11,58,105,92,135,55,125,8,4,7,64,50,5,7,93,64,114,128,43,134,22,3,65,3,22,6,129,6,37,3,119,25,119,81,37,81,37,6,134,128,25,114,11,58,64,7,5,50,34,1,64,128,64,82,93,91,6,67,6,25,128,43,128,82,124,111,9,85
"193",77,82,111,72,101,72,63,116,50,5,18,122,95,8,4,32,55,40,55,18,122,95,39,24,94,18,44,62,33,62,99,51,89,99,89,83,64,52,7,64,52,105,55,40,41,60,36,60,40,55,105,128,43,82,64,34,64,1,56,15,122,62,105,42,48,21,132,84,132,21,135,92,135,40,106,121,96,102,120,102,120,23,35,90,42,136,117,108,12,108,12,108,96,121,84,53,84,53,84,53
"194",77,58,115,30,113,42,109,99,98,112,109,77,98,128,43,128,25,128,25,128,43,64,42,58,77,98,77,98,133,112,10,99,109,99,82,64,93,116,124,116,124,116,34,116,34,50,1,34,1,116,1,64,28,85,64,85,63,124,5,57,17,5,105,94,24,39,40,135,125,40,125,29,80,29,45,80,29,32,45,60,36,41,60,41,60,40,125,40,55,105,7,128,43,134,43,128,43,78,43,78
"195",77,98,114,128,74,22,3,65,3,65,3,81,119,22,119,128,52,25,64,1,34,116,9,101,72,9,64,1,64,115,42,87,90,109,42,87,102,120,106,36,60,41,80,45,29,45,41,16,41,60,36,84,36,41,60,41,16,60,40,60,36,106,121,53,84,14,84,16,21,132,53,84,106,95,75,122,18,122,95,23,120,121,12,14,12,108,12,108,117,108,12,108,12,108,97,87,42,58,7,50
"196",77,113,97,136,97,87,117,136,118,136,42,118,136,53,132,23,35,23,120,102,108,12,108,117,127,132,21,106,41,55,105,17,57,4,32,55,125,29,80,8,45,80,29,80,45,29,80,45,32,45,80,60,41,40,135,21,16,41,60,16,60,80,45,29,45,105,98,77,58,42,87,42,105,62,18,94,24,15,62,99,51,99,62,51,109,99,82,99,90,42,58,113,30,115,79,104,31,126,66,61
"197",77,99,10,19,51,83,56,50,5,28,7,55,125,24,75,95,35,23,39,95,122,18,105,62,15,62,33,62,18,17,18,44,56,50,28,85,139,116,1,34,59,27,59,93,99,56,93,64,83,56,15,50,56,50,124,64,50,64,111,107,101,2,101,2,111,2,9,72,107,88,107,101,137,69,138,69,46,2,46,101,46,69,137,67,137,101,137,69,131,69,46,69,131,137,101,137,2,137,69,46
"198",77,98,42,58,42,71,27,71,59,27,59,71,92,105,55,45,80,45,105,71,27,92,55,105,114,119,22,119,74,22,74,119,81,37,81,37,81,6,129,67,137,138,124,138,54,138,107,124,111,63,116,34,1,116,111,72,124,138,54,138,27,59,27,59,27,138,67,20,88,124,1,64,93,64,4,28,7,4,28,57,28,57,100,57,28,124,100,17,100,125,95,125,29,32,105,114,25,128,43,128
"199",77,98,133,123,70,123,70,133,70,133,70,133,70,133,70,112,26,89,99,105,124,72,88,107,124,116,64,139,64,93,64,43,78,43,103,20,103,20,67,137,67,138,69,131,137,101,9,63,9,1,64,34,64,34,50,56,15,105,42,98,77,109,113,30,68,113,30,104,31,126,38,31,13,31,13,31,79,31,76,38,86,38,86,38,86,66,61,66,126,61,66,61,31,38,86,61,104,130,38,86
"200",77,109,90,109,51,99,89,26,89,51,99,83,56,44,18,15,62,33,62,15,18,122,15,44,18,15,90,99,82,77,98,82,98,133,70,123,70,133,112,89,10,89,26,89,112,98,112,133,112,133,70,112,133,70,123,70,133,112,10,89,10,19,10,89,123,70,123,70,123,70,123,26,112,133,112,133,70,123,70,133,112,133,70,123,26,89,133,98,99,7,17,55,125,29,45,29,80,60,80,40
"201",77,98,128,43,128,25,128,25,6,91,111,91,111,91,82,128,43,78,6,128,82,128,43,78,129,103,67,88,107,1,124,111,91,103,91,25,119,22,3,22,119,65,3,22,134,22,134,6,67,137,138,54,138,67,129,78,43,91,103,20,103,20,129,6,129,103,111,91,103,129,6,128,52,105,17,105,15,62,33,7,58,42,7,15,33,15,118,42,87,42,87,97,117,108,53,84,36,106,132,21
"202",77,99,15,62,90,87,97,136,118,99,10,109,98,133,112,89,26,89,51,89,112,98,42,98,112,109,77,112,133,112,70,123,26,10,89,26,89,26,89,83,51,83,89,26,89,112,89,26,70,112,98,99,51,90,19,51,10,89,123,70,123,70,26,89,112,10,99,51,19,51,62,122,75,122,18,105,71,92,105,92,27,92,27,59,82,111,64,1,64,71,105,93,82,124,64,128,134,78,43,128
"203",77,98,77,112,10,99,51,99,62,33,90,105,94,125,94,17,7,139,34,116,124,107,88,107,20,67,137,138,67,88,67,20,88,67,54,69,137,69,137,46,138,54,138,124,116,34,124,63,1,116,34,1,34,116,34,1,64,1,111,82,77,109,77,98,99,109,42,87,99,90,15,62,15,64,34,64,111,82,128,3,74,114,64,105,94,122,75,122,35,122,35,95,122,35,127,97,42,109,51,19
"204",77,98,133,70,123,70,123,26,123,26,10,89,26,89,26,123,70,133,112,109,112,133,43,99,90,19,10,112,133,98,133,112,133,112,133,70,123,89,83,56,93,64,1,116,1,124,63,116,124,34,1,124,72,111,82,98,43,98,99,62,90,35,33,35,127,48,47,136,48,53,12,121,12,121,96,108,12,53,84,53,84,14,84,14,121,120,102,96,121,84,53,12,53,121,106,121,84,14,53,12
"205",77,105,7,64,81,37,81,131,37,67,54,138,2,137,69,46,101,124,88,20,67,129,6,129,67,129,78,43,128,64,93,124,116,1,50,5,94,100,105,15,44,62,7,139,64,1,34,63,111,9,101,2,137,88,107,101,124,107,88,67,88,72,124,50,5,57,100,57,7,8,80,29,8,80,60,16,60,36,84,14,84,14,121,84,53,84,14,53,84,53,127,121,120,23,95,106,132,21,132,84
"206",77,113,30,113,58,105,32,29,45,125,39,125,8,95,23,132,21,16,21,48,21,132,21,106,132,21,135,55,125,40,125,40,135,17,75,35,75,35,90,99,109,112,99,109,90,87,42,58,105,5,18,122,75,122,18,75,122,35,122,18,122,75,24,94,24,75,24,94,24,75,95,122,95,122,75,24,39,125,24,75,35,75,35,127,136,127,84,36,41,60,80,45,32,8,4,100,7,15,105,92
"207",77,109,42,58,11,114,119,22,3,65,3,65,3,22,119,54,59,128,91,128,25,128,74,6,81,65,81,54,69,138,137,101,2,46,69,137,88,67,137,69,137,101,9,85,9,64,25,119,25,119,22,74,22,6,67,6,129,78,134,74,22,119,22,119,81,111,82,128,64,85,9,85,139,7,64,93,56,50,34,64,93,56,50,5,105,71,92,27,71,27,55,32,92,105,62,44,15,33,62,15
"208",77,113,30,113,30,113,30,61,86,110,86,126,38,76,38,86,38,130,38,126,38,126,38,126,61,66,61,38,130,110,86,38,126,38,104,79,104,68,30,68,30,113,61,30,115,30,61,66,61,30,113,77,82,124,116,63,9,63,124,1,111,64,59,27,55,105,58,77,98,42,105,55,135,47,136,47,21,135,55,92,71,27,59,52,64,9,101,2,101,72,124,107,88,72,111,82,64,83,1,34
"209",77,98,77,109,99,109,99,90,33,35,23,127,106,36,106,36,106,132,35,87,90,35,95,23,35,127,121,106,132,21,106,121,106,36,106,40,36,16,41,132,21,47,135,47,21,132,21,47,48,47,136,127,53,117,136,118,7,50,56,15,7,57,100,57,17,105,7,62,44,18,122,95,23,120,102,87,97,87,42,118,47,136,42,105,71,59,27,59,139,63,85,63,139,63,124,107,138,54,138,27
"210",77,109,90,99,42,98,115,49,115,58,11,114,64,1,34,7,85,28,100,4,8,4,100,8,4,8,32,8,100,8,105,7,57,7,58,52,64,128,74,6,134,43,78,129,6,91,6,37,81,37,81,37,128,98,42,97,109,87,97,136,127,121,96,121,14,121,106,40,55,45,105,128,25,128,133,70,123,89,70,123,89,26,123,26,89,99,133,70,123,70,133,112,109,90,35,95,106,23,120,121
"211",77,99,90,62,99,10,89,10,112,77,109,87,42,87,117,12,108,117,108,12,108,12,108,102,120,121,96,121,106,23,95,135,40,55,135,127,117,136,47,135,92,71,92,27,55,71,27,105,71,27,59,71,64,71,92,71,59,128,43,78,134,3,65,3,22,6,129,20,129,6,129,134,74,119,25,128,59,64,34,116,1,116,124,63,9,63,116,124,1,111,91,6,91,82,111,124,107,88,20,111
"212",77,99,90,105,90,35,122,18,44,18,44,56,93,64,52,64,58,105,75,122,95,132,40,106,132,84,14,121,12,53,48,53,127,53,84,132,95,122,95,122,95,122,75,95,75,122,75,17,57,17,57,8,32,55,105,58,105,17,57,5,28,139,63,9,101,137,2,46,69,54,27,138,124,63,9,111,63,111,72,101,9,63,9,101,137,131,69,138,137,2,111,91,111,64,85,28,4,8,125,40
"213",77,98,42,99,98,109,112,89,10,89,26,123,70,123,70,123,70,133,70,133,70,123,70,123,70,123,70,133,70,123,133,112,133,98,77,109,19,62,33,35,87,90,35,23,120,121,106,95,90,35,23,95,39,125,80,60,41,36,106,36,106,40,21,47,21,132,21,127,132,106,14,121,120,23,120,102,120,23,95,122,17,135,40,48,127,48,53,12,121,12,102,35,90,99,56,64,85,139,64,128
"214",77,113,58,11,105,128,25,119,22,3,119,81,54,138,54,138,27,9,63,85,9,1,64,25,128,59,27,138,54,138,69,137,69,138,137,2,101,2,124,107,124,88,107,88,107,88,20,103,20,107,88,20,129,6,67,129,67,137,101,2,67,138,54,9,111,6,103,91,134,6,129,20,103,111,91,6,111,1,124,88,107,20,103,111,91,111,91,6,129,6,81,119,25,128,37,81,54,138,54,81
"215",77,109,42,77,113,30,115,30,61,31,66,126,38,86,38,76,38,61,66,31,79,49,79,76,38,126,38,76,38,104,31,79,13,79,31,13,104,38,76,130,38,86,38,76,38,126,61,30,61,113,104,79,31,38,86,38,86,38,130,110,86,66,61,38,126,66,86,61,31,104,68,30,61,113,77,98,77,98,77,98,77,10,89,112,133,98,112,133,98,77,109,87,109,90,135,40,125,40,55,125
"216",77,105,55,32,57,100,5,7,34,50,56,93,99,62,44,15,33,35,105,92,105,58,11,114,128,82,124,111,64,114,11,105,114,52,81,6,128,25,128,114,128,43,128,43,128,25,128,82,43,128,82,93,99,62,99,10,112,133,112,133,98,133,112,26,123,70,123,70,133,70,133,112,133,112,89,10,89,26,89,112,133,70,133,112,133,112,133,112,98,77,109,90,51,19,33,15,90,15,62,44
"217",77,98,133,70,26,123,89,10,19,10,112,98,42,98,43,74,134,6,129,91,6,128,43,134,74,6,134,78,91,20,107,88,20,103,111,1,116,124,116,1,116,124,50,34,28,4,28,57,28,5,7,85,1,83,64,1,116,63,116,83,64,1,64,94,100,29,45,80,32,55,45,41,60,41,16,132,106,121,84,14,84,36,106,121,106,121,84,14,84,36,40,106,132,106,40,125,40,36,132,127
"218",77,58,105,32,29,80,45,55,18,15,90,35,33,35,102,120,23,120,23,97,117,136,47,48,136,97,87,90,19,99,90,15,99,51,99,51,19,51,19,99,90,87,97,42,97,127,132,21,106,41,60,80,29,80,125,55,92,105,7,58,105,92,55,45,41,60,16,84,106,40,41,36,106,120,23,35,127,53,14,121,96,121,12,108,12,96,121,106,135,47,135,55,32,8,32,8,32,29,80,41
"219",77,109,19,99,56,15,62,15,35,23,132,21,132,21,132,21,132,21,132,41,40,135,55,92,135,40,36,40,125,40,135,127,53,14,53,84,14,36,40,125,40,125,40,55,45,125,94,24,39,24,94,24,94,24,39,106,121,84,106,121,14,12,96,121,12,108,102,120,102,108,12,121,96,102,108,73,108,117,108,12,53,127,136,48,132,84,14,84,48,47,21,132,48,42,77,98,99,19,51,10
"220",77,109,99,82,64,50,5,57,28,5,94,125,24,94,100,57,100,4,7,28,7,50,5,124,116,124,138,27,64,50,56,93,64,52,64,128,82,99,109,90,19,51,99,56,50,1,116,34,116,124,107,111,103,20,103,20,107,88,107,20,91,82,99,109,99,19,99,56,83,64,52,128,119,22,74,114,128,43,78,43,134,74,3,65,3,65,3,65,3,22,65,119,6,74,22,74,119,3,65,3
"221",77,109,99,62,90,99,87,97,42,118,98,99,64,83,82,128,82,91,128,64,34,139,116,124,72,88,20,67,137,2,101,9,2,9,111,64,85,4,28,85,124,28,139,64,34,116,34,139,85,28,139,7,64,59,64,52,128,25,128,25,134,6,129,20,67,88,67,20,88,124,101,88,67,129,67,137,69,46,69,131,137,2,101,63,116,34,63,9,64,56,83,56,85,9,85,9,101,107,88,101
"222",77,98,42,118,42,98,43,128,25,119,22,3,22,119,74,119,54,138,54,27,55,45,80,8,32,45,125,24,125,24,39,24,75,122,18,122,44,18,90,62,15,90,51,109,90,109,77,42,77,98,112,89,10,99,90,35,62,44,18,105,71,27,71,27,59,27,55,105,27,138,27,92,27,71,27,71,92,135,47,118,105,92,32,45,29,32,45,32,8,125,8,32,4,8,29,125,55,40,80,45
"223",77,112,10,99,51,62,44,18,17,55,8,4,8,4,7,5,18,44,17,57,100,4,28,4,100,57,5,57,4,8,125,24,125,40,125,94,24,40,125,40,36,84,106,132,21,132,53,127,53,14,84,36,84,121,14,36,84,14,84,48,95,132,53,48,127,121,120,23,95,122,18,75,17,55,92,55,105,15,7,52,64,25,128,25,52,64,9,116,34,50,64,83,89,99,109,99,93,56,124,111
"224",77,113,61,66,126,38,86,66,61,73,87,99,82,111,2,138,54,138,67,138,37,81,37,81,37,81,37,3,65,22,119,65,3,22,3,22,65,119,74,128,82,64,105,94,24,39,24,8,125,8,32,45,32,55,45,60,36,84,53,117,68,104,61,126,86,38,110,38,76,38,126,66,31,49,31,126,31,126,66,126,38,104,31,61,66,61,30,61,66,31,79,76,38,86,38,13,31,66,126,76
"225",77,98,133,123,70,123,70,133,112,133,112,89,83,64,85,9,63,9,111,72,101,88,67,138,54,138,54,27,9,50,56,99,62,15,62,99,10,99,15,33,35,90,33,62,15,62,33,62,56,64,52,128,25,119,114,128,43,78,43,91,103,91,111,64,50,56,99,51,90,62,18,122,18,44,18,62,33,19,51,109,77,98,77,98,43,74,119,81,9,64,52,128,6,129,20,111,91,111,63,85
"226",77,98,77,98,43,98,99,15,56,93,59,27,71,59,54,20,129,91,134,22,134,74,134,6,129,6,119,25,128,43,82,111,82,64,85,9,101,2,67,6,129,134,6,134,74,6,78,129,20,111,72,63,85,139,116,124,116,124,72,111,103,20,25,128,74,134,128,114,11,58,77,10,89,10,89,10,99,62,99,90,35,23,120,106,36,41,60,41,40,106,53,84,106,84,16,132,21,47,118,98
"227",77,109,42,97,42,98,77,109,42,105,15,62,33,62,33,62,44,18,94,24,94,24,94,18,122,95,122,18,44,62,15,33,15,7,105,32,4,7,15,7,28,7,28,64,128,43,98,77,58,105,35,127,35,95,35,127,102,120,23,35,95,122,75,94,125,40,36,84,48,127,35,127,21,135,106,132,84,14,12,108,102,97,42,118,47,136,47,48,53,117,12,108,12,53,127,48,23,127,21,132
"228",77,87,35,75,35,95,122,18,44,62,33,62,99,10,112,89,10,112,133,112,133,70,123,26,123,70,123,26,123,70,123,26,89,51,89,10,26,89,123,70,26,89,83,64,93,82,77,98,112,10,89,112,98,112,133,112,133,98,128,134,6,129,78,43,78,6,134,78,91,6,81,131,137,67,54,138,54,25,114,128,64,2,107,101,46,69,138,137,46,2,67,54,138,88,67,137,2,137,67,129
"229",77,112,98,77,109,42,58,105,17,122,35,90,135,47,118,42,127,136,117,136,48,84,53,84,53,127,40,135,55,92,55,45,29,125,94,24,75,122,21,132,21,16,132,127,53,96,121,106,132,21,132,135,55,71,27,55,40,125,40,55,45,32,105,71,27,92,55,32,29,8,4,7,58,11,114,11,114,98,115,49,79,49,30,61,126,86,66,61,30,61,113,30,113,109,42,109,99,90,99,10
"230",77,109,98,77,98,128,43,128,91,20,129,6,25,128,119,114,64,7,4,7,17,100,4,139,63,111,91,103,78,134,22,119,22,3,65,3,65,3,65,22,134,25,128,114,74,43,78,6,129,78,103,129,91,111,101,2,46,69,54,138,111,20,103,91,20,88,124,72,9,64,58,11,58,42,97,23,39,125,40,125,135,40,55,135,40,36,14,36,106,132,84,14,121,96,121,106,40,125,39,23
"231",77,113,30,68,30,68,113,42,118,117,108,12,108,12,108,102,120,102,97,42,64,52,59,128,114,105,42,87,90,19,109,42,105,55,90,35,122,18,44,122,75,24,75,90,105,42,98,112,10,99,82,93,59,6,91,81,37,81,54,137,67,88,107,101,72,9,63,9,1,9,101,107,20,88,67,129,20,67,6,129,78,134,43,128,91,128,111,63,124,107,138,2,46,2,9,101,72,101,111,82
"232",77,113,30,113,61,38,61,66,126,38,86,38,130,38,86,126,31,76,61,31,13,31,76,79,31,49,113,61,30,68,30,61,66,61,31,126,66,61,38,61,38,130,104,79,31,104,68,113,61,30,61,66,61,113,77,42,99,10,19,51,83,89,10,99,10,89,26,123,26,123,26,10,26,10,19,99,51,83,93,56,93,82,99,62,99,90,105,90,135,92,135,125,8,4,7,4,28,5,57,7
"233",77,109,98,42,97,73,108,53,12,108,73,108,73,97,117,136,127,48,127,21,47,118,47,21,48,21,47,21,132,95,23,95,122,75,24,75,17,105,118,42,99,10,112,70,123,70,123,70,133,43,74,6,129,6,129,20,67,137,46,2,67,137,54,138,2,137,67,137,67,129,91,82,77,98,77,98,77,98,128,25,114,11,114,74,22,65,3,65,3,22,3,134,78,43,91,111,1,34,64,128
"234",77,112,98,77,112,10,89,10,77,98,42,115,77,112,109,112,26,123,26,89,10,89,83,51,90,99,109,98,112,77,98,128,82,81,37,6,129,20,67,137,101,111,124,101,88,107,20,129,67,138,54,27,55,40,41,80,60,41,45,60,36,84,36,106,36,60,16,60,45,80,45,80,29,32,8,125,80,8,29,45,29,45,29,80,29,45,29,80,29,80,60,80,60,36,84,36,40,125,40,60
"235",77,105,45,41,36,84,14,12,96,121,106,39,24,94,100,105,55,71,27,2,137,2,46,137,2,101,1,9,85,28,7,42,58,42,136,47,136,97,117,97,109,112,89,26,123,89,123,89,123,70,133,112,133,70,123,70,133,98,99,19,51,83,64,52,64,52,64,93,56,93,82,128,6,91,78,134,74,25,128,6,91,82,64,111,85,9,101,9,63,72,111,82,111,1,9,85,139,28,139,7
"236",77,109,97,102,87,90,105,71,55,17,105,118,47,48,84,121,12,127,21,132,16,132,106,36,40,41,132,106,121,14,84,14,53,48,21,132,84,121,96,121,96,108,73,38,76,79,104,38,86,66,61,113,77,82,128,64,128,43,78,134,22,65,3,74,119,65,3,65,3,22,119,25,119,81,54,27,138,137,67,20,107,88,107,138,54,138,54,138,54,81,54,138,69,54,119,74,6,129,6,129
"237",77,98,77,115,30,68,30,113,49,79,76,38,126,31,104,79,76,79,31,49,115,49,30,68,30,113,30,61,30,61,86,66,61,66,31,126,38,86,126,76,38,86,126,38,76,130,104,68,30,68,31,104,31,66,61,104,68,30,115,49,115,30,115,30,115,49,115,49,79,13,76,79,76,38,76,38,31,104,61,104,31,104,61,113,30,68,113,61,66,31,13,31,66,86,66,76,79,31,66,61
"238",77,98,99,82,99,62,15,62,15,62,15,105,114,98,77,98,112,99,128,43,128,43,128,25,128,43,74,119,65,119,81,6,129,20,107,88,72,111,64,28,7,87,97,136,47,135,106,121,12,117,136,47,136,117,53,127,84,48,127,53,84,14,84,16,41,80,60,36,41,60,80,29,32,105,114,128,25,6,67,137,69,131,137,69,54,137,69,54,138,137,46,69,46,137,46,69,131,69,54,138
"239",77,98,133,70,123,26,10,89,10,89,112,10,99,90,99,62,99,19,10,89,10,112,98,77,109,19,109,42,97,73,87,102,73,108,12,96,121,106,84,14,53,132,84,53,136,53,84,53,84,14,84,53,48,47,21,132,41,80,60,80,60,16,36,41,80,41,16,41,60,16,132,35,62,90,33,62,33,62,56,83,1,83,56,50,64,128,52,7,17,57,4,8,4,8,4,7,28,85,9,2
"240",77,82,91,6,78,134,22,119,3,119,74,22,3,65,3,119,81,37,81,119,54,25,128,111,64,1,9,85,9,1,124,50,34,64,34,116,63,116,15,90,99,19,10,89,83,51,19,51,19,90,105,17,18,122,95,39,24,75,24,125,39,23,35,95,23,95,122,75,35,33,62,56,64,114,74,128,64,1,64,50,5,28,57,28,5,18,5,28,100,57,100,4,32,29,8,4,139,28,100,28
"241",77,109,87,42,98,112,133,112,89,26,123,70,123,70,133,112,89,83,51,99,62,15,7,4,57,17,100,8,4,8,100,15,62,33,62,99,62,90,19,90,62,33,35,62,44,18,94,24,75,24,94,7,4,28,85,7,50,116,34,64,34,116,1,116,63,124,72,9,50,5,50,34,1,101,88,107,101,137,2,137,138,54,138,67,88,20,129,6,129,20,88,107,20,129,6,74,22,134,129,6
"242",77,58,105,42,109,87,42,98,109,90,15,64,1,116,63,9,63,124,72,124,63,124,88,67,37,81,37,81,6,22,65,3,22,119,25,128,25,128,43,91,111,20,107,124,111,101,137,2,9,101,2,46,137,101,2,107,20,67,137,2,101,2,101,137,138,2,137,101,137,54,124,63,111,124,1,124,2,46,137,67,137,131,37,81,37,81,37,81,37,6,129,43,78,43,128,6,129,67,20,103
"243",77,109,90,17,5,17,57,100,4,32,8,29,45,32,105,32,29,45,32,8,32,105,135,47,48,136,97,127,136,48,53,84,53,12,53,127,48,21,106,121,106,132,106,39,24,75,24,94,100,4,7,50,56,50,56,83,56,44,15,24,39,24,94,56,93,64,93,99,93,124,116,1,116,63,124,116,124,63,111,63,72,101,46,2,67,137,2,101,72,101,137,88,107,20,103,20,67,20,88,101
"244",77,109,77,112,77,99,10,19,51,19,99,93,82,64,83,64,139,85,64,1,64,93,56,93,99,93,64,59,105,58,77,98,133,128,82,91,6,91,129,20,107,2,101,72,101,46,137,131,67,6,134,6,91,6,129,103,20,6,134,78,43,128,52,128,43,128,91,103,91,82,99,56,99,10,99,62,99,56,99,98,42,105,15,105,55,27,59,27,9,63,116,56,83,56,93,99,51,56,93,56
"245",77,99,51,19,51,19,90,19,62,99,19,33,35,90,35,33,7,50,64,34,116,34,50,5,57,100,8,32,8,29,32,8,29,80,29,32,8,4,8,4,139,116,34,64,111,124,116,1,124,63,72,101,107,88,67,37,81,131,137,67,137,67,129,6,37,3,65,119,22,134,43,128,82,43,78,43,128,25,52,7,128,43,128,43,74,134,128,114,105,55,105,114,11,114,6,129,6,129,6,78
"246",77,42,97,108,73,97,87,35,95,23,120,53,106,84,132,127,132,36,84,36,41,60,36,60,40,125,24,75,24,94,100,17,5,18,44,62,122,75,122,95,23,35,90,105,15,105,58,11,105,32,29,32,55,40,125,40,60,80,29,80,29,80,45,32,92,71,27,55,105,95,122,94,24,94,18,75,122,95,75,24,125,8,4,8,100,105,58,77,99,62,99,90,15,33,62,99,128,25,64,34
"247",77,112,133,98,42,136,118,42,118,47,21,132,21,47,21,135,55,45,32,105,32,8,32,8,125,80,45,32,8,32,29,32,8,125,29,80,45,29,32,8,29,80,29,80,60,41,60,40,39,24,94,125,8,100,57,28,85,28,4,8,125,40,125,29,8,32,92,105,32,8,29,125,24,94,100,8,4,100,57,100,15,33,62,90,35,102,108,117,136,97,113,30,68,30,104,79,104,76,38,76
"248",77,113,30,104,31,13,79,31,61,38,76,38,130,38,76,104,30,68,30,113,109,42,58,77,113,58,105,32,29,125,55,27,92,32,45,55,45,55,45,55,92,71,92,27,92,71,27,2,27,59,64,7,90,109,77,98,64,52,25,119,65,22,65,119,74,119,54,138,54,67,137,101,2,64,139,34,116,34,50,34,64,34,1,64,1,64,62,99,51,99,82,99,109,112,70,123,26,89,123,70
"249",77,98,77,109,19,10,51,99,56,1,64,52,128,6,37,81,6,134,43,78,129,6,134,74,6,25,119,74,134,6,91,82,128,43,98,77,109,99,51,83,64,139,64,82,91,134,78,134,128,64,114,74,114,128,6,128,98,77,98,77,109,99,10,99,90,55,27,59,27,92,71,92,105,92,135,41,16,36,41,36,106,21,47,136,127,90,15,18,122,95,23,39,23,35,33,15,18,15,94,125
"250",77,109,77,109,77,98,99,56,44,56,93,1,116,9,101,137,101,72,124,63,9,101,9,63,111,91,64,50,56,99,10,112,89,112,133,70,123,26,89,10,19,10,112,133,112,109,77,109,112,133,112,98,77,98,133,98,77,98,42,98,77,112,133,82,99,93,64,83,51,19,51,90,87,90,7,85,139,28,5,50,34,116,34,50,7,50,7,4,28,57,100,8,32,4,100,4,8,4,100,94
"251",77,109,99,89,10,99,89,10,99,19,51,19,109,19,99,109,112,133,70,133,112,98,128,25,128,134,22,3,119,74,119,25,128,6,74,119,22,6,91,6,91,6,67,6,91,111,20,91,43,78,43,74,134,78,43,128,25,114,52,59,27,92,55,40,125,40,60,16,60,41,60,80,29,45,41,60,41,132,36,40,39,125,40,125,39,23,120,23,48,53,127,53,48,53,106,121,96,121,96,121
"252",77,98,112,10,99,62,33,62,44,15,105,64,1,124,28,4,100,56,99,62,15,18,122,15,42,97,73,108,117,108,117,108,96,121,14,121,120,23,95,75,35,75,35,95,106,127,132,21,132,21,132,16,36,40,125,100,57,5,57,5,17,57,4,8,29,8,125,100,125,39,125,8,100,8,125,29,45,29,32,29,8,57,17,105,114,64,93,15,62,51,19,10,89,112,109,99,62,99,62,99
"253",77,58,113,30,68,30,68,113,30,61,66,86,61,113,104,79,76,38,126,66,126,66,61,66,126,86,110,38,130,38,86,38,104,31,79,13,31,38,126,66,86,126,38,86,61,66,31,61,113,42,105,32,29,32,105,90,99,56,83,56,93,1,64,34,50,34,116,63,111,101,9,72,9,85,64,116,64,50,64,1,34,64,111,93,64,85,9,72,63,72,101,2,111,82,93,99,51,99,19,99
"254",77,99,62,51,99,42,98,133,112,98,128,52,64,52,118,42,98,112,109,51,99,93,1,101,9,63,116,1,83,64,1,64,93,64,83,64,128,25,128,119,22,3,74,119,22,119,81,91,20,67,88,72,124,2,138,54,131,69,46,101,2,137,131,137,46,69,137,69,131,67,88,124,101,2,67,88,107,88,107,101,72,101,72,124,101,9,85,28,139,63,111,6,129,91,6,67,138,54,37,81
"255",77,98,42,127,132,21,16,132,106,121,12,53,121,12,14,121,120,102,108,12,53,127,117,118,42,87,102,108,121,14,53,12,108,117,136,48,21,106,132,84,53,84,36,60,41,80,29,80,29,80,29,8,32,105,55,45,80,125,40,125,80,41,16,41,16,36,16,132,106,40,125,40,106,95,106,132,127,136,118,105,114,74,119,25,128,114,11,58,42,118,136,97,127,90,99,82,133,70,123,26
"256",77,98,82,98,112,77,115,49,115,7,34,63,34,50,64,34,50,5,57,100,57,5,28,85,28,85,9,63,72,101,72,101,72,88,67,137,46,137,46,101,72,124,111,64,116,1,9,101,2,101,9,72,107,20,67,137,67,88,67,88,107,88,107,124,101,2,67,6,128,52,64,34,1,116,1,83,64,50,7,64,85,7,52,64,52,128,6,91,6,81,37,54,81,119,22,3,22,65,3,22
"257",77,113,30,104,38,61,126,86,38,126,38,130,38,126,66,86,38,86,38,86,66,126,66,126,86,38,76,38,86,38,126,66,61,113,30,68,30,61,113,61,66,31,38,130,38,61,66,61,66,31,49,79,31,13,31,104,38,76,38,110,130,38,61,86,38,86,66,61,30,49,115,64,34,64,1,116,34,4,100,28,4,28,50,56,44,18,44,15,18,34,64,52,64,15,44,99,62,15,62,99
"258",77,98,112,98,77,112,77,98,58,42,97,42,118,136,117,118,47,21,132,21,47,135,127,53,84,36,60,41,36,106,36,132,106,21,127,53,127,132,21,40,135,127,47,48,47,21,106,120,102,120,23,120,102,108,102,120,23,35,33,62,44,15,62,33,122,75,95,23,102,108,14,84,53,84,121,14,84,14,84,53,102,120,23,132,21,132,23,95,122,18,94,24,75,122,18,94,5,50,15,62
"259",77,98,112,133,112,70,123,70,123,26,70,123,70,123,26,70,133,70,133,112,99,10,89,10,112,133,112,133,112,133,112,133,112,98,115,58,105,92,55,135,127,53,14,121,96,12,108,12,53,12,53,117,136,42,87,73,108,12,108,73,104,113,77,58,11,114,119,65,3,65,3,22,119,54,138,2,111,72,101,2,137,67,131,69,131,69,131,69,54,131,137,2,46,137,2,137,101,46,69,131
"260",77,43,78,43,98,128,98,77,10,89,26,89,51,19,10,89,10,99,90,35,62,15,62,51,83,56,93,56,44,122,18,124,107,124,128,25,52,128,52,128,43,128,25,128,52,128,43,77,98,109,77,98,112,10,99,10,112,70,26,123,26,89,10,89,123,70,123,70,123,70,123,70,123,70,123,70,123,26,89,10,77,98,133,112,10,89,51,99,10,89,10,112,89,99,10,51,10,99,42,58
"261",77,98,77,109,112,98,77,112,26,89,51,83,64,9,83,89,10,89,51,99,62,33,62,99,109,19,90,87,97,42,99,82,99,93,1,93,64,50,7,28,50,34,139,7,28,57,28,57,7,15,18,17,75,17,7,93,99,93,99,19,99,89,83,1,116,34,116,124,1,50,139,63,124,1,107,2,101,137,67,137,67,6,67,137,131,69,46,69,46,2,101,107,116,1,124,107,72,111,63,116
"262",77,98,77,109,99,10,112,133,112,98,77,109,77,98,105,42,109,77,112,109,97,113,61,126,38,130,38,86,38,86,38,76,38,130,76,38,130,38,76,38,86,38,31,49,113,61,38,76,130,104,68,30,104,130,76,38,126,38,104,68,30,104,130,76,126,66,61,30,113,58,11,114,74,6,78,6,129,6,134,78,134,6,59,139,116,34,116,1,116,1,64,83,111,83,89,10,109,112,98,133
"263",77,98,77,109,77,98,77,99,87,97,42,118,136,47,118,42,136,48,47,48,127,42,98,77,98,42,90,62,33,35,90,99,51,99,15,18,105,58,105,114,105,5,57,32,8,100,125,40,60,80,41,36,106,132,21,132,127,21,127,53,84,14,84,121,120,102,53,117,136,97,136,97,102,108,12,108,96,121,106,132,84,53,121,120,39,24,125,40,106,40,21,132,106,36,41,60,36,84,53,84
"264",77,98,77,109,99,90,15,62,44,18,44,18,122,75,24,39,24,94,125,40,135,21,48,127,106,39,24,94,24,94,125,40,106,21,127,53,12,53,12,108,12,121,12,108,12,14,84,36,60,36,60,16,41,40,36,132,95,8,32,45,80,60,36,106,36,135,21,47,21,132,21,127,21,47,118,136,42,109,98,112,26,89,112,98,128,99,109,51,99,51,89,10,19,51,99,109,99,128,52,105
"265",77,113,68,30,115,42,97,136,47,21,40,106,40,24,75,18,122,95,106,40,39,106,132,48,84,53,14,121,106,95,122,18,122,95,75,24,75,95,8,24,125,39,24,94,24,75,122,95,23,102,108,96,121,12,108,73,108,117,108,102,87,97,136,47,21,132,21,132,16,36,60,80,29,32,29,32,4,57,28,85,28,85,28,4,100,125,24,18,15,90,99,112,89,26,89,10,77,98,82,93
"266",77,82,99,89,99,51,99,90,99,64,7,17,18,94,124,63,124,1,34,64,15,18,122,18,15,62,99,109,51,99,62,15,7,139,28,139,28,5,94,17,57,100,5,7,15,33,62,15,44,62,33,15,62,56,51,19,10,89,26,123,70,133,70,123,70,133,112,133,70,123,26,123,70,133,70,133,112,77,98,133,112,10,89,83,111,64,128,43,78,6,129,103,129,67,138,67,6,91,82,98
"267",77,98,128,43,128,119,74,134,78,43,128,91,78,129,20,107,20,107,88,107,88,101,107,88,67,20,111,91,6,91,111,103,129,20,67,129,6,134,74,43,93,98,133,112,10,112,98,77,109,42,58,42,98,133,82,77,109,42,87,42,97,42,109,112,133,70,133,112,133,112,98,112,133,70,123,26,89,10,19,109,98,42,105,55,105,5,57,100,124,63,9,85,124,63,111,1,116,63,139,28
"268",77,98,112,98,77,98,99,51,44,18,105,15,33,122,75,122,75,62,90,105,32,29,80,29,125,24,125,39,24,75,24,94,100,94,24,94,125,24,94,24,94,24,94,125,95,125,40,106,41,16,132,21,48,95,132,95,24,75,35,75,122,75,95,35,95,8,100,7,5,50,56,93,43,128,43,128,114,74,134,6,78,43,128,25,128,25,64,1,50,34,64,52,64,56,44,62,51,19,51,83
"269",77,98,118,42,97,42,136,48,47,136,47,118,42,109,77,98,43,128,114,105,55,40,24,94,17,57,100,4,8,4,28,139,28,85,28,85,124,116,124,1,34,1,111,63,124,82,91,111,82,99,82,111,1,124,107,124,56,62,15,62,44,56,51,109,77,98,77,98,42,58,42,98,114,128,82,93,82,91,82,128,43,128,43,78,134,129,134,78,103,54,119,22,65,3,81,37,81,54,138,67
"270",77,42,118,98,112,133,70,123,89,26,89,83,89,26,123,89,112,26,123,89,10,89,51,56,93,64,58,77,109,112,10,19,10,89,123,70,112,89,123,26,123,70,123,26,123,70,123,70,123,70,133,70,133,70,123,89,99,56,44,15,62,90,55,105,92,105,77,98,77,109,77,98,15,118,47,136,47,118,47,118,42,87,42,87,42,118,136,47,118,105,32,105,45,41,80,29,125,40,95,23
"271",77,109,87,73,102,87,109,90,99,62,15,90,51,99,90,105,55,125,32,105,90,35,95,122,44,62,56,18,15,90,99,51,99,62,33,62,105,15,62,15,64,114,105,55,45,29,32,45,80,41,16,41,16,21,48,132,21,40,125,24,75,95,23,120,106,36,106,36,41,60,16,36,84,132,48,47,136,47,118,42,58,105,17,32,8,32,29,45,29,32,45,29,45,125,8,32,45,32,55,135
"272",77,98,77,109,97,42,87,109,87,102,108,73,108,12,108,12,96,121,96,121,120,102,120,102,97,108,73,102,120,121,84,14,84,132,21,16,36,40,106,132,127,136,97,102,120,102,42,118,42,136,47,48,127,108,14,84,48,47,135,55,41,60,41,132,106,132,21,132,48,117,118,47,135,106,36,41,132,48,132,21,132,16,36,60,41,60,41,36,132,21,47,118,42,58,11,114,105,58,105,55
"273",77,113,61,66,61,30,115,30,61,38,76,13,104,79,31,126,66,126,66,86,66,86,66,126,38,126,38,130,38,130,38,76,13,31,13,76,38,130,104,31,104,31,104,31,66,126,38,130,76,104,79,104,30,49,115,49,104,38,76,38,76,38,126,66,61,66,61,66,126,38,126,86,38,126,66,126,38,130,38,130,38,86,38,86,38,126,66,61,30,68,30,68,30,113,58,42,99,64,34,116
"274",77,98,77,109,51,62,44,62,99,51,99,51,99,89,10,99,51,99,10,19,109,99,93,56,93,99,10,77,109,77,98,82,111,2,137,131,67,6,129,91,111,64,34,4,8,32,29,8,4,100,17,135,40,125,94,24,94,100,94,24,75,135,17,75,24,94,57,4,32,8,122,18,135,55,92,27,59,27,71,105,55,125,40,125,39,23,48,40,135,41,135,55,92,71,105,32,105,58,42,77
"275",77,113,109,77,109,77,133,70,123,70,133,98,112,133,70,123,70,123,70,123,26,89,51,99,10,89,112,89,26,89,10,19,99,19,99,62,99,93,18,5,57,28,100,94,125,55,105,71,55,105,58,42,115,58,64,1,64,83,89,99,89,83,1,64,52,105,114,74,128,82,111,82,91,111,63,111,81,64,7,139,4,100,8,24,94,100,4,8,100,4,85,28,18,122,44,62,90,87,42,118
"276",77,82,111,2,124,88,67,137,2,46,69,131,37,81,6,64,59,138,54,81,37,81,119,74,134,22,74,128,25,128,134,6,134,128,25,119,3,119,54,138,54,67,37,81,119,65,3,65,22,3,65,3,22,119,25,128,43,128,98,109,90,109,89,26,89,10,19,10,89,83,56,83,51,99,51,99,62,15,56,51,99,62,15,44,56,7,139,7,64,111,124,1,124,63,139,116,1,9,63,124
"277",77,82,93,64,34,64,56,64,52,64,52,64,50,56,44,15,50,116,124,107,124,116,1,64,128,37,128,43,98,112,109,99,62,33,62,15,33,62,99,77,109,113,30,113,61,113,30,61,66,61,38,110,86,38,61,30,68,30,61,126,38,126,38,126,66,126,76,38,86,38,61,66,31,79,31,61,66,61,66,86,110,86,38,86,110,130,38,86,38,76,13,79,13,31,76,38,76,31,13,76
"278",77,99,93,56,93,105,77,112,98,115,42,97,136,118,7,15,7,64,50,64,62,33,19,10,19,62,44,56,62,90,132,21,16,60,41,80,41,36,106,121,96,121,14,84,36,41,45,29,80,8,80,41,45,32,4,17,94,24,94,125,24,75,122,35,95,23,35,95,122,62,105,90,87,35,127,35,90,87,90,105,114,58,11,114,105,32,29,8,32,8,32,8,4,7,57,7,105,58,77,113
"279",77,99,62,99,62,99,90,35,90,99,10,99,64,111,91,134,74,134,22,3,22,134,22,74,119,65,3,22,119,22,119,25,128,25,128,114,105,114,128,25,119,74,43,128,114,11,114,128,82,111,54,27,92,105,62,105,35,23,95,48,35,15,64,42,64,128,25,128,6,129,6,81,37,81,37,131,69,46,69,46,37,81,52,71,105,62,15,33,62,56,93,56,44,122,95,24,125,94,24,125
"280",77,113,77,109,113,30,113,97,127,136,48,132,40,36,41,135,40,36,106,127,53,97,23,95,106,84,127,40,55,45,80,29,45,32,29,45,80,60,16,41,135,55,135,55,45,105,18,105,58,105,128,25,119,25,128,43,91,129,20,67,137,54,128,52,64,50,34,7,17,5,18,105,62,99,62,56,51,19,90,99,62,44,15,62,44,18,122,75,35,122,18,105,90,15,93,64,7,62,56,64
"281",77,113,61,126,86,38,86,38,110,86,126,38,61,38,126,38,76,38,126,38,86,110,38,86,61,76,38,110,86,38,31,126,66,86,66,61,66,61,66,61,66,31,126,66,126,38,126,66,126,38,61,30,113,61,66,31,126,38,86,38,86,38,61,66,61,38,76,38,130,104,31,49,79,76,38,126,38,130,38,76,38,86,126,31,66,61,31,104,13,104,61,66,126,38,61,30,68,30,113,61
"282",77,109,77,98,58,105,90,15,45,55,40,125,24,39,40,125,8,4,8,32,8,32,8,80,29,80,29,8,32,8,94,17,124,82,91,129,6,67,129,6,128,25,52,64,1,83,56,83,89,99,56,15,62,42,97,108,12,14,84,121,84,14,84,36,106,14,53,84,14,84,14,84,53,12,96,121,84,14,84,53,132,41,60,41,40,125,40,125,40,125,40,106,36,84,48,132,48,90,55,135
"283",77,98,70,133,112,89,133,98,77,113,30,61,31,66,126,38,61,66,126,38,126,86,110,38,61,126,66,86,38,86,38,76,38,110,38,76,130,104,79,31,79,13,31,38,76,13,79,104,79,31,79,31,126,31,104,13,76,38,126,38,86,110,38,130,76,38,76,79,13,31,13,31,126,38,126,66,31,79,13,31,79,76,38,86,61,104,61,86,110,38,86,38,104,30,113,30,61,38,126,38
"284",77,98,82,128,74,114,128,43,74,128,43,98,112,133,112,89,26,123,70,123,26,112,77,109,99,98,77,98,77,98,112,133,112,10,112,89,99,51,83,64,25,119,25,64,1,64,111,103,6,81,37,67,20,103,67,20,107,9,111,64,85,64,2,67,6,81,37,81,111,124,107,101,2,101,72,124,72,101,72,9,1,9,111,107,2,101,9,63,124,116,124,107,88,124,116,1,83,89,83,89
"285",77,99,62,44,56,62,33,62,15,90,35,132,21,127,102,96,102,87,97,113,30,113,30,104,30,115,49,79,31,49,31,79,130,38,126,66,61,38,126,31,126,31,13,76,79,31,126,86,38,130,104,79,31,76,38,130,38,110,130,38,130,38,86,66,31,13,31,13,104,31,66,61,66,61,30,61,66,61,66,61,38,86,66,61,104,31,76,130,38,126,38,86,38,110,38,104,30,68,113,61
"286",77,98,58,105,32,8,4,8,55,105,90,15,8,100,57,5,7,5,57,17,105,93,82,93,82,93,64,52,64,1,124,111,2,107,72,124,116,1,116,1,34,116,63,9,139,85,28,139,59,28,85,139,7,57,125,80,29,32,92,27,92,27,138,131,67,37,131,137,131,137,101,137,69,137,2,138,27,93,64,9,63,124,88,101,88,107,101,72,107,88,107,88,107,2,46,2,101,2,137,2
"287",77,99,90,51,99,10,89,99,62,99,93,64,128,43,78,129,6,128,91,128,114,74,6,91,111,91,111,91,111,63,139,4,29,80,45,29,80,60,36,84,53,132,36,84,132,21,106,36,60,16,84,127,90,33,62,15,62,15,33,35,105,58,64,85,64,128,119,22,119,25,128,134,74,119,25,128,43,78,134,22,134,25,128,74,43,128,64,82,99,90,15,18,122,75,122,44,18,62,15,62
"288",77,113,30,68,104,38,126,61,66,61,113,30,113,77,42,87,42,87,97,42,58,42,97,87,77,113,42,118,105,95,23,95,8,32,29,45,41,16,132,21,47,21,132,21,132,21,132,16,132,53,84,121,120,121,96,121,120,23,95,132,41,60,40,60,41,60,16,60,41,60,16,41,60,41,36,60,16,60,36,14,121,96,121,106,39,40,106,132,21,106,120,121,84,53,127,132,36,60,41,16
"289",77,98,99,51,10,89,112,133,112,133,112,10,99,98,58,42,87,97,102,120,102,97,87,99,109,42,97,42,7,99,10,19,10,89,99,10,26,89,83,64,9,85,28,57,28,139,34,50,64,93,50,7,42,136,118,136,117,108,102,108,96,121,84,53,12,121,12,14,84,14,84,121,84,36,84,14,121,120,121,120,102,120,121,106,36,106,36,106,23,127,53,96,108,96,12,53,127,135,92,105
"290",77,98,112,10,19,10,112,10,99,62,33,122,105,15,62,33,35,87,35,75,122,75,122,75,24,75,94,64,59,27,55,40,41,60,45,29,8,100,4,100,57,17,5,28,5,28,5,18,122,105,42,98,77,112,109,113,61,66,61,30,113,30,113,115,49,79,31,126,31,61,66,86,61,66,126,38,31,38,86,126,66,126,38,126,86,38,76,13,79,13,79,130,79,104,31,38,126,66,86,38
"291",77,113,77,98,133,112,98,77,109,99,109,77,99,89,112,10,19,10,89,26,123,70,133,112,77,109,10,99,90,33,62,33,90,35,90,99,90,51,99,62,33,35,75,24,75,122,75,95,90,135,40,21,132,84,36,106,21,127,35,62,15,55,40,125,24,39,95,122,75,24,40,132,84,14,84,36,106,132,106,132,84,53,48,53,84,106,95,75,17,105,55,40,36,106,132,106,120,102,87,42
"292",77,98,112,99,82,128,98,77,98,109,112,133,112,133,98,112,26,89,10,89,10,51,83,56,99,56,15,63,85,7,50,56,15,64,1,50,139,28,139,63,85,28,139,64,93,82,99,109,77,109,42,58,113,61,86,126,66,126,86,61,30,113,61,38,126,31,61,66,126,38,126,86,126,61,66,61,104,38,130,104,79,31,13,79,13,104,30,113,109,99,112,133,70,123,26,70,123,26,123,26
"293",77,109,98,133,98,77,43,78,43,78,91,6,67,20,88,20,67,6,25,128,114,11,58,42,127,42,115,49,31,126,38,130,38,76,130,38,126,38,126,38,86,66,61,38,130,76,38,126,66,61,66,126,38,104,13,76,126,38,126,66,126,38,110,38,126,38,104,13,79,31,104,38,76,38,76,13,49,115,30,68,104,31,126,38,76,31,104,13,104,61,104,79,31,104,31,13,76,130,38,126
"294",77,98,109,77,99,51,19,51,99,90,15,105,17,5,57,100,94,100,57,17,100,57,100,95,8,4,32,45,40,132,127,136,118,47,135,132,21,127,48,47,48,84,121,14,84,14,84,36,40,41,36,14,84,132,21,132,127,136,117,108,102,96,12,108,12,121,14,84,36,16,41,80,125,94,95,75,24,125,40,24,94,100,105,90,109,98,99,62,44,56,83,1,124,116,34,116,1,82,128,25
"295",77,98,58,115,49,31,104,113,61,66,61,38,86,110,38,86,38,86,66,86,38,130,104,68,30,68,30,113,61,86,61,66,86,38,104,79,76,104,130,76,126,38,126,31,79,31,79,104,38,86,126,31,66,61,30,68,30,113,30,104,130,38,86,61,31,38,79,76,38,61,104,13,76,38,76,38,86,38,76,13,104,79,13,104,49,31,126,66,126,86,38,130,38,76,13,31,126,66,86,66
"296",77,109,99,10,112,98,77,109,42,58,115,49,115,49,115,49,31,13,79,104,61,113,68,30,104,130,76,130,38,126,86,38,86,38,126,38,86,38,104,31,61,38,76,13,79,13,61,66,61,38,61,113,30,115,113,109,19,99,56,83,1,124,111,91,82,91,111,103,20,103,78,129,20,103,6,128,81,111,64,85,64,128,43,128,25,128,43,74,134,129,78,129,6,129,6,111,64,111,91,111
"297",77,109,99,93,64,9,54,69,137,88,124,107,88,107,88,72,124,101,2,101,88,67,88,101,88,124,34,50,64,1,64,59,27,71,27,138,107,116,124,116,63,116,83,111,64,99,82,91,128,64,93,64,93,64,34,50,34,59,71,4,8,32,105,17,105,114,64,93,64,90,15,56,44,56,83,89,112,70,133,70,123,70,123,70,123,26,123,70,123,89,10,112,98,77,87,42,118,42,98,105
"298",77,98,99,10,89,10,89,10,89,112,77,98,109,99,56,99,51,99,56,99,51,99,42,99,90,99,109,97,87,35,90,35,95,35,90,99,82,111,124,63,139,63,116,63,111,72,111,63,72,107,88,107,88,67,20,91,129,20,107,2,54,69,137,67,129,6,129,20,107,101,9,85,28,85,9,85,9,101,72,63,9,85,139,64,114,105,114,105,5,18,35,23,102,108,102,87,102,108,117,97
"299",77,109,51,19,10,19,10,89,26,123,26,89,26,89,26,123,70,26,89,83,64,85,111,63,111,72,101,137,69,81,91,20,67,137,101,9,64,114,128,59,64,9,1,64,93,99,83,1,116,1,124,1,50,34,50,56,93,56,93,56,99,77,42,99,62,15,44,15,64,50,34,64,7,28,85,139,28,85,9,63,111,91,103,91,111,20,107,103,78,43,134,78,43,74,6,81,82,93,64,25
"300",77,109,99,51,19,10,99,51,99,62,51,99,82,91,82,128,82,128,111,91,6,67,129,6,91,128,82,128,6,128,119,22,119,65,119,114,74,114,64,85,9,63,124,72,111,9,63,101,137,2,101,72,9,1,124,15,18,15,90,51,19,109,87,90,35,90,109,51,99,90,99,42,97,108,102,108,96,108,12,108,12,121,106,36,106,132,21,16,21,48,53,48,136,117,108,73,108,87,102,120
"301",77,98,109,42,77,98,77,98,112,98,77,98,133,112,99,51,83,89,112,133,98,99,90,15,32,8,29,8,29,45,32,4,8,29,125,55,105,15,7,5,50,5,28,5,50,5,50,124,72,88,67,88,107,101,9,1,124,107,20,129,134,43,78,43,64,58,42,98,128,25,59,27,9,107,20,103,81,111,9,2,101,2,137,69,54,128,25,52,6,67,20,103,91,103,111,91,111,9,111,91
"302",77,98,133,70,123,70,26,123,89,10,89,10,51,99,89,83,51,83,56,44,18,94,100,4,7,139,85,139,28,85,139,7,58,105,90,35,75,24,75,35,75,122,95,39,106,39,24,125,40,135,92,27,71,59,138,54,138,124,63,9,72,88,67,88,124,107,20,129,6,129,6,134,74,119,6,129,6,129,67,138,2,101,72,101,124,116,124,107,101,72,101,9,1,116,34,116,1,124,72,111
"303",77,113,30,97,109,19,51,83,82,64,1,83,51,10,89,112,98,112,133,98,112,109,77,98,133,112,10,89,26,123,26,123,70,123,70,133,70,123,70,133,128,91,128,64,82,91,129,6,129,6,129,67,20,103,20,67,6,129,20,67,6,128,64,139,85,9,1,116,107,88,107,20,88,107,88,124,88,72,111,64,71,105,58,105,98,133,112,99,51,99,82,91,6,128,25,128,43,134,22,65
"304",77,112,89,83,7,28,4,8,4,8,32,29,80,32,105,55,105,58,64,1,64,50,34,1,64,82,91,129,6,129,67,37,67,137,2,101,2,101,137,101,2,101,72,101,88,124,1,34,50,63,111,64,59,128,43,128,64,139,7,83,64,50,56,99,64,50,5,124,88,101,137,69,131,69,46,2,124,1,107,101,9,85,28,100,57,28,4,8,4,8,32,8,29,32,125,40,106,36,84,14
"305",77,98,128,25,128,25,119,25,119,22,65,3,65,3,65,3,119,22,74,43,128,74,43,74,128,114,74,114,11,58,42,118,105,71,27,59,25,128,114,11,114,25,52,64,15,90,99,82,64,34,64,7,139,85,9,111,124,63,111,91,93,64,15,62,33,15,18,105,71,105,58,105,92,135,21,132,21,106,39,40,125,40,36,41,36,84,36,60,45,55,40,125,8,80,29,32,45,32,4,8
"306",77,98,118,7,93,64,128,64,1,107,124,63,72,124,116,1,64,50,15,24,125,100,4,28,85,139,116,1,124,107,20,107,138,27,55,18,135,40,127,21,132,84,14,84,132,106,84,36,84,36,41,132,106,39,95,122,18,122,95,35,95,122,95,106,120,23,120,102,73,87,42,87,109,90,19,109,77,98,112,133,70,123,70,123,70,123,70,133,98,99,42,97,102,97,42,87,97,127,136,47
"307",77,98,77,109,99,90,42,90,19,10,26,89,26,123,70,133,70,133,112,70,123,70,26,123,70,123,70,123,26,89,112,133,70,123,70,123,70,123,70,123,26,123,70,133,112,133,70,133,70,89,10,112,109,90,35,95,132,42,87,73,61,113,61,86,38,104,30,49,31,61,66,61,38,76,38,86,38,76,104,79,31,49,115,98,133,70,123,70,123,26,89,123,70,123,70,123,70,133,70,123
"308",77,99,62,44,122,95,75,24,94,75,94,24,75,122,18,44,18,44,122,75,122,75,94,24,75,35,75,122,75,105,114,128,64,50,28,5,57,7,52,25,128,52,64,1,124,63,9,63,111,2,111,91,103,129,6,81,37,81,52,64,34,1,63,9,63,124,57,17,5,94,17,105,55,125,40,41,60,80,125,8,125,80,29,8,100,4,8,29,80,29,32,45,80,45,80,60,80,125,24,39
"309",77,58,105,45,80,29,80,29,4,8,55,135,40,41,16,41,16,84,36,106,36,106,36,106,132,106,95,23,53,117,108,117,108,96,121,106,132,41,60,41,60,80,29,45,32,8,4,57,28,85,139,85,64,56,15,56,15,62,33,90,87,102,120,102,120,121,96,121,84,132,106,39,95,122,100,57,17,55,135,55,40,60,80,29,80,41,80,41,45,80,45,80,60,36,106,121,120,121,120,121
"310",77,98,77,99,51,83,51,99,98,114,52,25,81,54,138,27,59,64,82,128,82,99,93,64,111,72,64,34,116,1,34,1,9,116,124,50,5,94,24,94,24,125,24,75,18,5,50,5,7,64,34,64,91,111,91,6,129,6,91,6,129,6,129,6,81,37,81,37,81,37,81,37,69,137,69,46,69,46,69,137,67,138,69,131,37,81,3,65,119,74,134,6,67,137,138,37,81,37,81,54
"311",77,109,112,89,26,89,83,64,111,64,59,9,2,138,2,101,88,72,111,91,6,81,37,138,54,138,27,71,55,45,80,29,45,41,16,36,106,84,121,96,12,96,12,121,96,121,106,36,84,14,53,127,48,53,127,53,84,132,84,16,21,41,36,16,41,132,21,47,21,40,36,84,14,121,96,121,96,121,96,121,14,84,53,127,21,47,21,132,36,84,132,21,132,21,132,127,35,23,39,23
"312",77,98,109,89,26,89,10,112,133,70,133,112,10,99,62,99,42,118,42,97,53,127,21,106,132,41,16,84,53,127,35,18,75,122,18,17,57,5,28,85,9,63,111,91,82,128,64,34,50,64,116,64,93,64,98,128,6,74,119,25,119,65,3,65,3,22,3,22,119,74,43,128,43,78,129,6,134,22,119,65,119,3,65,119,6,129,6,129,6,134,6,74,22,3,22,74,43,64,85,28
"313",77,98,114,128,114,64,9,101,137,131,69,81,37,54,69,46,137,67,20,88,20,107,88,107,88,124,63,34,116,1,64,83,89,10,26,123,70,123,70,123,70,133,112,26,89,83,64,1,124,116,34,93,64,7,4,8,4,100,105,15,18,5,7,4,100,8,4,8,32,8,32,8,32,8,4,57,17,135,106,121,96,121,84,14,84,53,84,121,106,21,132,21,135,75,122,75,24,40,36,132
"314",77,10,112,109,99,62,19,109,10,99,93,82,91,64,56,44,56,64,52,128,43,98,42,87,99,90,109,112,10,89,99,51,99,51,99,90,7,85,64,34,1,124,101,2,46,2,138,67,6,129,6,134,74,114,128,82,111,124,50,93,56,93,64,111,64,111,124,116,63,9,124,88,107,20,107,72,107,88,67,91,111,6,81,6,37,6,128,82,111,2,124,111,91,20,103,20,107,20,107,20
"315",77,113,109,19,33,90,87,102,108,97,87,97,42,127,48,127,53,84,53,23,120,102,120,23,102,120,102,97,87,35,95,132,21,127,136,47,136,42,127,53,12,53,84,121,120,121,106,39,106,132,48,21,132,16,21,132,40,125,40,125,8,32,29,8,29,45,80,29,8,95,75,17,55,135,92,55,71,92,105,71,105,114,74,134,6,134,74,43,134,78,134,128,6,129,20,91,6,129,6,128
"316",77,113,61,66,86,61,38,61,66,61,30,115,30,104,31,13,31,13,76,38,126,38,130,104,73,108,14,84,36,41,36,60,41,36,40,125,29,80,29,80,29,45,55,40,125,40,36,16,60,41,132,21,132,21,132,135,40,125,80,60,80,60,41,60,80,41,16,21,132,127,48,53,84,16,21,135,21,132,16,132,95,24,94,100,8,4,100,8,32,29,80,29,125,8,4,32,8,100,8,125
"317",77,112,98,77,105,92,105,92,135,47,48,53,127,106,23,35,33,15,90,87,42,87,97,87,42,64,128,25,119,74,128,91,111,63,124,2,137,131,69,137,54,27,2,101,137,138,46,69,46,101,2,111,20,103,43,74,114,105,55,105,62,99,77,98,43,128,52,58,7,28,50,1,64,99,62,44,15,56,15,93,99,51,83,51,99,51,62,15,62,99,62,15,62,99,90,35,75,122,95,23
"318",77,112,77,109,113,30,113,77,98,43,78,43,78,134,6,74,134,91,129,134,22,65,3,37,131,137,67,6,129,6,3,65,119,65,119,25,37,81,131,37,6,91,6,74,134,22,119,6,67,20,103,20,103,20,107,88,107,88,20,103,78,134,129,67,137,67,91,6,129,6,91,128,6,129,25,64,50,64,59,54,69,131,69,37,81,54,138,137,2,137,88,107,138,54,131,81,37,81,3,65
"319",77,98,82,99,82,98,42,7,139,7,15,90,105,71,55,105,57,4,8,100,17,105,17,57,18,122,35,87,109,42,118,136,47,48,21,132,21,16,60,80,29,80,29,45,29,45,55,18,44,18,122,15,62,33,122,75,95,122,75,95,75,122,75,122,18,15,90,62,33,35,90,35,62,15,62,99,62,15,18,15,62,99,56,51,99,89,26,123,26,70,133,70,26,123,70,123,70,123,26,89
"320",77,58,98,77,112,133,112,109,90,33,62,51,19,10,89,26,123,70,112,133,70,123,70,123,70,112,109,77,58,64,1,124,88,107,88,107,1,34,64,15,62,51,19,51,99,93,56,83,64,82,43,74,6,134,74,22,134,6,129,6,91,111,124,116,1,116,124,111,91,111,91,6,74,43,111,64,93,82,99,98,42,105,35,95,135,41,60,36,60,41,80,45,80,41,60,41,45,80,45,32
"321",77,42,118,136,127,135,40,135,55,32,71,27,92,135,75,122,95,35,33,62,15,56,99,51,109,42,87,97,42,109,77,109,77,109,87,109,42,87,42,58,11,114,105,58,42,87,42,90,19,51,10,89,26,89,10,89,10,19,90,19,109,98,77,99,82,64,1,124,63,116,1,9,64,52,64,93,124,116,124,63,111,9,101,72,111,91,111,107,2,9,1,101,2,138,54,131,69,54,138,67
"322",77,10,19,99,90,35,75,24,75,24,75,17,57,7,64,111,91,81,37,81,52,128,98,64,83,64,105,17,122,105,15,90,15,33,90,62,44,62,105,90,19,99,82,128,81,37,67,37,81,54,69,54,138,67,131,69,137,67,6,129,6,74,6,111,82,64,15,124,116,34,124,1,111,2,137,46,69,131,69,137,101,88,124,116,63,72,101,9,1,116,139,28,34,1,124,2,67,2,9,64
"323",77,109,99,82,64,1,34,28,64,15,18,5,17,57,100,94,18,15,62,51,62,33,62,15,56,99,62,15,62,122,35,23,120,39,125,24,94,100,4,32,105,122,18,44,62,33,62,15,62,99,51,89,26,89,99,51,10,89,112,98,58,42,90,109,77,98,112,133,112,77,99,89,112,98,133,70,123,70,133,112,133,99,89,83,1,116,63,116,34,116,64,85,9,63,116,1,116,34,1,116
"324",77,109,112,109,99,82,111,63,116,63,124,101,72,63,116,63,101,72,124,107,88,124,63,124,63,72,101,137,2,111,1,124,101,137,67,88,107,20,103,91,6,81,3,74,119,65,3,22,119,25,128,37,81,6,129,6,91,111,82,93,56,93,56,99,51,83,64,128,134,74,134,6,67,131,69,46,137,69,137,69,46,2,137,67,129,103,20,91,129,67,137,131,67,137,67,129,6,78,134,129
"325",77,98,42,105,55,105,93,64,91,6,74,6,91,103,91,111,72,63,9,2,88,124,101,88,67,88,67,129,6,129,6,129,6,67,138,124,101,2,138,137,2,131,69,131,54,138,54,81,119,54,37,131,137,54,25,54,67,6,134,6,134,74,114,105,32,8,4,100,4,100,57,100,5,105,55,105,55,105,55,32,8,32,45,32,8,32,45,125,80,29,8,100,57,100,94,125,40,125,8,32
"326",77,109,51,109,90,109,99,109,90,99,82,99,89,10,112,133,98,133,112,133,112,10,99,82,111,63,116,124,101,2,101,88,72,124,1,124,101,72,101,2,137,131,69,46,69,138,54,27,92,105,15,90,42,87,97,108,12,121,12,121,96,121,120,102,97,109,112,99,109,77,42,97,42,97,113,77,42,115,58,77,109,90,15,105,58,42,64,114,74,43,128,82,77,82,111,82,99,90,15,64
"327",77,113,97,87,97,108,12,108,96,102,23,35,127,136,118,42,117,12,108,12,53,127,53,48,53,84,14,84,53,121,106,21,16,132,21,132,21,132,21,132,84,53,48,136,97,87,18,44,56,83,64,52,128,59,93,56,44,15,44,18,122,18,44,56,83,64,93,91,82,98,112,26,10,89,83,89,112,77,42,136,48,136,118,47,136,47,118,99,7,28,85,64,93,56,83,64,52,81,37,3
"328",77,98,70,123,70,123,70,123,70,133,112,133,98,77,98,82,99,56,83,99,109,98,133,112,109,112,133,112,70,123,70,123,70,123,70,123,70,133,112,133,70,123,70,133,98,42,118,42,105,77,98,77,113,30,68,30,61,38,76,130,76,79,76,38,76,79,49,31,76,38,76,13,31,104,38,130,38,126,38,126,31,104,31,79,31,104,76,79,13,104,130,38,61,66,61,30,104,31,61,66
"329",77,98,133,112,133,70,112,109,51,90,35,105,135,47,136,42,87,109,90,51,99,109,42,118,47,135,21,16,60,45,80,45,80,45,32,8,29,80,8,100,8,4,105,11,114,3,65,3,74,3,22,134,128,25,128,81,37,81,37,81,54,9,124,88,101,2,101,46,137,67,20,91,43,128,82,77,112,109,97,73,108,73,108,117,108,12,108,12,127,97,108,12,96,121,120,102,120,23,35,62
"330",77,99,10,19,10,99,109,19,10,89,10,109,77,109,19,10,89,19,62,18,122,75,122,75,95,23,39,24,94,24,39,24,75,35,102,97,113,109,113,30,113,58,64,93,7,90,19,10,99,87,97,117,136,47,127,16,84,36,84,48,8,4,7,64,52,128,43,78,6,91,6,129,67,129,134,128,43,128,64,15,62,15,62,15,44,18,75,35,23,106,121,106,84,132,21,132,41,60,45,80
"331",77,98,43,74,119,6,67,54,119,25,119,25,128,114,98,42,118,42,87,109,112,98,133,123,70,123,26,123,26,123,70,123,70,123,70,123,26,89,123,26,112,133,77,109,77,98,115,98,133,70,123,70,123,70,133,112,133,112,133,70,123,70,123,70,133,98,43,128,114,3,65,3,65,119,81,37,6,74,43,134,74,134,78,134,6,37,2,137,69,131,137,67,20,64,50,124,15,62,15,7
"332",77,98,93,15,56,100,57,5,50,34,1,116,1,116,34,64,1,116,63,111,103,91,20,107,88,20,129,67,138,69,131,69,46,69,46,69,54,138,67,20,107,88,107,88,67,6,91,111,82,111,63,124,63,111,91,6,128,82,64,20,67,20,103,91,6,103,20,129,78,43,128,43,128,74,22,119,25,128,43,82,99,90,35,90,99,109,99,51,62,15,62,15,105,32,8,4,8,32,8,80
"333",77,98,112,133,70,123,26,123,70,133,112,109,42,109,99,93,15,62,99,51,99,90,109,99,82,111,64,83,89,26,70,133,112,10,19,51,62,51,10,19,90,33,35,87,42,118,47,136,42,105,15,17,7,105,71,92,105,118,47,21,132,36,40,125,39,125,24,94,24,75,35,23,120,102,120,102,120,102,23,120,106,40,135,47,135,21,132,106,40,21,106,39,23,35,105,11,58,42,118,136
"334",77,109,87,42,109,51,83,64,82,43,128,43,128,25,119,74,134,6,129,6,134,43,128,6,91,6,91,43,134,6,67,137,101,9,1,63,124,63,124,5,50,15,18,62,44,15,62,33,15,90,62,15,62,51,99,82,91,111,63,34,116,124,63,116,34,116,1,116,1,34,124,101,9,101,1,50,34,50,116,34,64,34,63,116,124,63,139,34,1,116,1,83,89,123,70,133,70,123,70,123
"335",77,99,93,64,9,85,64,62,105,7,15,50,5,17,105,92,105,42,118,42,98,82,91,6,91,82,111,91,82,91,6,78,6,78,91,111,72,111,9,101,111,138,37,81,37,25,128,91,103,78,134,6,129,20,129,6,81,54,138,107,1,50,139,64,93,15,7,50,34,116,34,64,34,1,64,116,124,2,137,67,137,138,111,91,111,91,82,64,34,116,124,116,64,94,24,75,17,105,92,55
"336",77,109,77,98,128,43,128,114,105,64,28,57,100,125,8,32,8,4,8,29,32,8,4,7,8,100,8,80,125,24,39,24,75,122,17,57,100,57,5,28,7,8,32,105,17,57,4,100,4,7,15,44,18,100,17,57,100,57,105,17,135,92,105,11,114,128,25,114,119,74,22,119,65,22,134,78,43,128,6,134,22,119,22,3,37,81,37,81,91,111,20,103,129,6,129,103,20,88,67,88
"337",77,98,77,109,77,58,11,105,15,18,75,122,75,122,75,122,15,62,64,50,34,50,56,93,64,59,27,59,25,119,81,128,6,129,67,137,101,124,34,116,34,116,63,111,2,20,129,6,129,6,129,91,6,129,6,78,6,91,111,64,128,25,119,22,134,6,91,81,37,131,137,2,101,107,88,107,88,20,103,111,63,124,63,116,1,64,28,34,50,64,50,64,93,82,111,82,111,72,111,64
"338",77,115,30,115,64,7,50,34,116,34,116,1,64,34,1,64,1,64,93,82,111,91,103,91,6,67,129,67,129,6,37,81,37,131,2,101,2,46,2,124,107,101,2,101,2,101,137,131,137,101,2,138,69,46,2,9,101,9,85,9,1,64,34,50,1,64,2,67,54,69,138,37,81,6,129,20,103,91,6,129,6,67,129,6,129,91,111,124,116,124,5,57,5,7,33,15,44,18,15,105
"339",77,98,77,113,61,113,30,61,126,38,86,66,126,66,61,113,77,98,42,87,127,53,84,14,84,106,21,127,21,132,127,35,90,99,90,62,15,18,105,15,44,62,99,56,15,64,52,64,9,85,116,7,35,132,21,106,132,48,127,53,48,136,47,21,40,24,8,32,92,105,92,135,55,45,55,105,32,8,4,7,28,5,7,15,5,50,5,57,17,105,71,105,32,29,45,32,29,80,41,132
"340",77,109,77,105,5,50,64,7,28,5,100,17,55,92,105,128,25,128,52,128,64,1,64,50,64,82,128,43,134,6,81,37,81,37,81,54,59,27,92,71,105,58,115,58,11,105,114,11,105,58,42,98,77,113,30,113,30,61,31,79,13,76,31,79,104,31,61,38,126,38,126,38,86,38,86,38,126,86,61,66,126,66,61,66,61,76,38,76,104,79,13,79,76,38,104,38,61,30,113,30
"341",77,113,61,31,126,76,38,126,38,86,126,38,130,76,38,130,76,38,110,130,38,76,13,76,13,31,13,79,13,31,76,38,86,38,130,104,38,126,38,130,104,79,31,38,130,76,79,31,66,61,66,61,113,104,130,104,49,115,30,68,30,113,58,42,118,136,127,97,102,120,102,53,127,132,16,60,41,36,16,36,106,36,40,106,21,127,95,122,18,122,15,62,15,62,90,35,127,35,75,122
"342",77,42,58,7,17,57,5,15,33,62,33,90,105,7,85,82,99,56,44,15,87,127,132,21,41,60,16,36,106,84,53,84,53,132,21,132,16,21,132,48,132,16,21,132,21,132,21,132,106,132,21,41,80,29,125,24,75,18,15,56,99,62,44,56,99,51,89,26,70,123,26,89,10,26,10,89,51,19,10,112,89,83,51,89,10,112,89,10,99,42,109,42,58,77,105,42,105,71,105,40
"343",77,109,98,42,118,47,136,127,21,47,21,48,127,97,87,90,35,33,62,44,18,44,62,105,55,125,40,36,16,36,41,40,24,39,23,120,23,39,24,125,39,24,75,122,95,24,75,95,23,35,105,114,74,119,54,138,111,103,20,107,88,101,137,2,137,101,72,111,82,124,34,64,50,64,1,64,9,101,72,101,2,124,107,20,67,20,107,101,72,101,137,101,2,46,101,72,101,137,131,137
"344",77,98,112,70,133,112,109,77,42,136,47,136,47,135,47,118,47,118,42,118,42,109,19,99,19,10,99,105,55,17,57,100,57,5,28,139,28,4,100,105,18,44,18,44,56,93,82,99,90,99,82,64,82,111,91,111,64,83,82,93,99,62,44,62,15,44,122,17,55,90,62,15,44,18,32,29,32,8,57,28,57,100,8,32,29,45,80,45,29,45,55,105,71,27,59,64,83,64,1,34
"345",77,98,112,89,10,89,83,51,56,44,62,15,62,99,62,15,7,52,128,25,119,25,81,128,43,78,43,128,43,128,64,25,67,88,54,27,71,105,114,128,91,111,82,111,72,107,20,103,129,6,81,37,81,6,91,82,124,63,72,124,57,8,4,8,4,32,105,18,122,95,24,39,125,39,24,39,24,75,35,95,75,24,75,122,62,15,62,15,62,15,116,1,124,101,88,137,46,69,131,69
"346",77,99,109,90,99,19,109,112,133,112,10,99,98,112,133,112,99,15,62,15,7,116,34,63,124,72,111,64,7,85,9,101,2,46,69,138,54,138,137,131,69,137,88,101,2,46,69,131,137,69,131,137,67,101,137,138,54,131,69,131,69,46,137,67,129,6,128,25,128,114,119,74,6,67,6,134,6,129,78,129,6,129,103,91,134,43,128,25,134,78,134,43,128,43,128,114,119,22,134,74
"347",77,98,128,43,78,43,64,34,139,9,85,28,7,28,64,1,124,116,124,107,88,124,34,50,34,116,124,116,34,124,1,93,15,62,51,19,99,51,109,99,90,87,90,99,51,10,99,19,10,89,10,89,99,98,128,82,93,64,9,85,63,111,91,111,2,111,64,114,105,28,64,1,138,54,119,74,134,43,128,114,98,99,109,98,109,77,82,91,43,78,134,74,134,22,119,74,43,128,25,119
"348",77,82,111,82,91,6,25,128,91,6,74,22,119,81,37,81,6,129,78,129,103,111,20,103,20,91,6,129,6,91,111,91,6,134,22,134,6,134,3,119,54,81,37,81,119,81,3,65,119,22,119,25,128,43,128,25,128,43,74,134,74,6,111,83,56,50,64,59,64,4,28,139,85,7,28,139,28,85,9,72,124,107,20,88,20,25,52,64,116,5,116,63,72,111,2,67,129,6,128,74
"349",77,109,99,109,112,133,70,123,70,123,26,89,51,99,51,89,112,10,89,10,89,26,112,89,26,123,26,89,10,99,64,82,99,112,133,70,133,112,10,19,90,99,51,83,64,1,124,63,9,63,116,34,85,28,4,7,64,7,58,105,7,94,24,125,94,24,94,105,55,125,39,40,125,29,32,29,125,8,32,8,57,17,57,100,8,95,122,35,23,87,97,102,87,102,96,121,120,121,106,36
"350",77,99,10,19,10,19,99,109,19,10,89,10,112,133,112,26,70,123,70,123,70,133,70,123,70,133,70,112,133,98,43,128,25,128,25,128,119,22,74,114,11,105,92,105,15,64,124,1,116,1,116,63,85,28,139,28,139,28,85,64,52,64,128,64,52,7,139,7,85,139,4,8,125,24,94,24,75,122,18,75,95,35,33,122,18,122,95,48,84,53,127,136,97,108,96,121,96,108,73,108
"351",77,98,64,93,56,50,1,64,99,90,87,97,42,87,97,42,97,42,98,114,11,114,11,58,105,32,8,32,80,45,29,32,29,45,125,40,125,40,41,36,40,125,40,125,55,45,8,95,35,23,39,24,125,39,24,94,125,94,24,75,35,23,120,102,120,121,14,108,117,136,42,105,28,5,50,64,83,51,83,82,77,58,11,114,105,128,81,37,81,37,81,3,74,114,11,114,74,134,22,119
"352",77,99,56,62,15,44,18,44,56,15,56,83,64,85,64,128,82,64,1,64,82,93,82,99,82,93,82,128,82,111,63,111,82,128,25,54,59,71,27,71,55,105,18,17,122,75,18,94,24,40,125,24,125,94,24,75,24,75,122,18,122,18,15,5,57,4,8,122,95,125,94,100,125,40,41,60,41,60,36,41,16,41,60,36,84,36,41,45,32,55,40,106,21,127,95,23,39,125,24,94
"353",77,42,118,42,98,105,55,92,27,71,105,64,58,42,136,47,21,132,21,106,120,102,87,97,102,108,12,53,96,121,53,127,23,120,23,102,87,7,64,52,64,52,64,52,7,28,34,1,9,63,111,82,111,91,103,20,54,138,54,131,69,137,2,27,59,64,1,116,124,88,101,72,88,107,88,20,67,6,134,43,134,74,43,128,54,81,37,81,37,81,54,138,54,138,69,46,69,131,69,131
"354",77,109,98,133,112,133,70,123,70,133,112,10,112,98,77,112,10,112,98,128,59,64,27,92,71,27,54,37,81,37,6,22,119,22,3,81,6,129,6,91,103,129,6,129,67,88,101,2,137,2,101,9,85,28,7,64,83,56,62,15,32,105,71,27,71,27,59,6,119,22,3,65,3,65,3,65,22,6,37,81,9,1,124,5,28,64,93,64,94,24,125,100,105,32,8,4,100,8,95,122
"355",77,98,133,98,128,25,128,64,83,51,19,10,112,109,112,26,89,83,56,15,44,62,15,62,33,15,18,15,62,15,62,99,51,56,15,90,105,71,27,71,105,15,62,99,62,33,105,128,25,128,114,74,3,74,128,43,128,82,93,82,43,128,82,91,111,91,6,67,6,129,91,6,128,119,3,22,6,129,6,128,64,111,64,43,74,114,128,114,64,83,51,99,51,19,33,19,10,19,99,109
"356",77,109,77,98,105,139,85,63,116,56,93,56,62,15,56,51,99,42,97,109,77,109,112,133,112,98,77,112,133,70,133,70,123,70,123,70,26,123,26,123,26,123,70,133,98,128,25,128,98,43,134,22,134,43,98,128,82,99,51,56,93,82,99,62,51,83,89,51,99,90,99,93,7,4,8,32,17,105,15,90,62,15,18,94,125,40,125,40,125,8,95,35,95,23,120,23,35,75,122,18
"357",77,109,77,98,77,43,74,43,78,6,74,6,129,103,91,134,91,6,129,134,22,134,91,6,129,6,129,20,129,6,129,103,91,111,9,85,139,28,57,28,139,28,4,8,4,7,64,52,64,43,99,62,56,44,15,18,44,15,93,64,15,62,15,62,15,7,34,1,116,124,111,82,128,134,43,128,114,64,82,98,112,70,123,26,89,83,56,99,19,10,112,89,10,112,109,77,43,128,52,7
"358",77,99,64,34,116,63,111,63,116,124,72,124,1,124,1,83,64,1,124,138,37,81,37,81,6,67,137,69,137,101,107,88,107,111,64,111,20,67,20,107,101,2,64,34,116,64,93,82,99,42,118,42,115,105,35,90,99,90,7,64,93,82,99,19,51,44,122,95,122,75,122,75,35,127,21,48,127,53,84,121,96,121,127,136,47,135,55,105,71,27,59,64,128,43,78,91,111,91,103,91
"359",77,109,77,133,98,82,111,64,52,128,43,78,134,43,134,74,128,25,128,25,128,114,119,65,3,119,25,6,67,2,101,124,116,34,50,5,94,24,8,4,28,64,1,34,50,34,1,64,111,91,111,9,101,72,101,2,27,71,92,71,27,55,105,45,60,40,125,8,4,8,4,100,8,32,8,122,15,105,45,40,125,55,32,105,92,55,18,122,95,23,95,75,24,75,122,95,23,35,33,15
"360",77,99,82,111,72,101,137,69,81,37,81,6,81,37,81,37,81,54,138,37,81,128,43,134,74,114,128,25,128,43,128,25,128,82,91,103,91,6,67,6,91,6,81,37,81,37,128,25,6,129,103,78,129,20,107,101,137,67,6,134,78,134,78,43,128,82,128,52,81,25,128,6,78,134,74,134,78,129,6,22,3,37,138,54,81,37,81,82,64,50,5,57,17,94,24,39,125,55,27,71
"361",77,109,113,97,102,73,108,12,53,12,53,14,121,120,121,84,16,132,21,132,21,135,105,100,28,64,93,82,64,114,11,114,74,119,25,54,138,27,55,105,17,122,75,24,125,8,80,60,40,24,94,100,8,32,29,8,100,4,8,29,45,80,29,45,32,105,114,128,82,99,109,42,58,105,64,91,111,2,137,131,137,46,138,137,67,88,101,9,139,116,34,116,124,107,138,111,64,52,64,99
"362",77,98,133,112,133,70,133,112,89,83,51,90,87,97,127,132,21,132,21,47,136,117,87,102,108,117,136,47,136,47,21,106,120,23,102,96,108,96,12,53,12,108,12,108,117,108,12,108,12,108,96,121,96,108,117,136,47,21,106,121,106,36,106,36,106,36,84,14,84,53,48,84,53,127,35,122,15,56,15,7,5,105,58,136,127,136,47,21,47,118,42,99,51,99,56,50,64,1,34,64
"363",77,10,99,109,87,35,7,4,32,45,80,29,32,8,100,4,32,4,7,125,40,24,40,39,95,35,23,102,97,127,106,121,106,121,12,108,96,108,73,108,12,108,102,108,12,108,12,53,84,53,84,36,106,120,23,120,23,39,125,45,80,8,29,125,100,94,24,125,40,36,16,41,80,45,29,45,80,8,4,57,7,33,62,33,51,19,99,90,35,23,35,90,105,42,97,102,108,73,108,73
"364",77,98,42,118,42,87,97,42,64,52,81,37,54,27,138,67,129,78,134,74,134,6,22,65,22,74,119,6,129,6,134,74,128,52,71,55,105,18,15,18,45,60,40,55,105,52,128,64,50,1,34,63,9,63,124,88,67,88,72,101,137,101,72,101,2,101,63,124,1,64,99,82,91,129,20,103,111,91,103,129,6,81,37,128,43,74,119,54,119,3,65,3,74,43,78,91,6,128,25,128
"365",77,109,99,87,90,35,33,15,33,122,75,35,95,106,40,125,39,36,84,14,84,14,12,53,84,121,96,121,108,12,96,108,102,120,121,120,102,23,35,7,57,100,57,5,94,100,56,83,99,82,128,64,7,33,35,122,75,95,106,121,120,23,132,16,60,36,16,60,16,60,40,55,125,40,125,24,94,24,94,17,124,9,1,124,1,64,139,28,85,28,105,71,27,64,139,7,28,85,1,124
"366",77,98,42,136,47,21,47,48,47,136,47,21,132,106,120,121,96,120,23,95,122,95,35,122,75,95,75,55,8,48,40,125,24,75,95,23,120,121,84,53,132,40,125,24,40,125,40,125,55,105,55,135,125,80,45,80,125,55,105,114,11,114,11,114,128,43,128,91,20,103,111,63,124,72,101,111,124,1,124,107,72,101,88,107,88,107,88,67,6,74,119,65,3,65,22,134,43,128,82,99
"367",77,10,89,99,51,83,89,26,123,26,123,26,89,112,133,112,133,112,109,99,33,62,44,18,15,93,82,64,1,34,64,1,116,124,72,101,88,72,63,124,63,124,116,111,2,124,88,67,6,134,22,3,65,119,3,65,119,54,138,54,81,52,64,50,5,57,28,85,28,7,4,57,5,7,28,139,28,139,7,5,50,56,99,93,15,50,64,34,50,34,64,52,64,42,97,87,42,109,112,89
"368",77,98,133,112,10,19,90,105,114,64,1,64,34,64,1,64,7,85,139,7,57,17,100,94,24,75,55,32,125,40,125,24,95,75,122,95,122,105,99,10,51,19,10,51,19,10,19,33,35,105,100,8,95,75,24,94,75,24,94,100,105,71,27,54,81,37,81,37,54,37,3,74,119,81,64,7,15,62,51,10,89,10,112,109,42,118,47,136,53,12,108,117,53,121,96,12,108,12,108,117
"369",77,98,112,133,98,42,97,42,127,53,117,97,23,120,102,120,102,120,121,120,121,84,14,53,12,121,12,53,14,84,14,53,136,118,47,21,132,21,132,95,132,21,106,21,41,135,55,32,105,64,93,56,93,99,51,99,90,109,42,105,135,92,55,125,40,135,106,36,40,39,24,75,122,95,75,122,75,122,95,132,127,136,47,136,127,21,127,53,127,97,117,108,117,136,47,21,132,21,132,21
"370",77,10,89,112,109,19,51,89,112,133,70,112,89,51,99,19,99,90,99,62,15,64,50,34,116,1,34,50,64,42,87,97,87,42,136,47,21,106,23,120,121,120,121,14,84,53,16,41,36,106,36,84,14,84,53,127,47,21,132,21,132,127,117,118,42,109,90,62,56,15,50,64,28,57,5,50,64,116,139,34,1,83,56,83,89,83,89,10,112,98,109,112,133,112,133,112,133,112,10,99
"371",77,82,91,6,129,6,129,78,129,6,128,133,98,82,93,56,7,64,1,64,111,2,101,2,101,72,111,82,99,62,15,62,55,122,75,62,44,62,33,15,7,42,98,112,26,89,10,89,10,89,19,10,19,51,99,82,99,82,1,116,64,139,28,85,28,139,116,63,9,64,9,2,27,55,27,138,54,138,54,119,81,37,81,111,9,63,116,1,9,63,111,101,72,111,82,77,98,112,109,77
"372",77,98,42,97,87,42,77,98,99,90,19,99,56,93,56,93,64,1,64,50,7,52,64,27,71,105,58,98,42,105,32,105,32,29,45,41,80,45,32,45,80,8,80,60,36,84,16,41,16,41,36,14,121,12,108,117,12,108,12,108,117,102,97,87,42,58,105,42,115,58,105,57,4,8,4,8,32,29,45,55,125,40,41,36,132,84,132,106,21,47,48,132,84,48,40,24,94,18,122,75
"373",77,87,42,58,105,118,42,87,109,51,19,90,87,109,99,109,77,109,77,98,99,128,43,82,111,82,111,72,124,105,71,27,71,42,136,47,136,48,95,132,106,95,122,75,122,18,5,34,64,83,56,99,87,42,118,42,87,35,122,75,95,75,122,35,87,42,77,105,55,92,105,114,105,58,105,32,8,4,8,95,122,33,15,33,62,7,93,64,93,56,93,56,44,62,15,94,24,75,24,125
"374",77,58,64,124,101,2,27,59,27,71,27,55,105,135,47,118,136,97,87,90,35,75,24,75,35,33,15,62,15,62,56,51,19,10,89,10,112,89,99,109,19,109,19,99,42,58,105,18,44,15,64,25,54,137,131,54,138,131,69,131,81,3,65,22,3,65,119,22,134,128,52,64,128,64,83,51,90,35,23,120,23,120,23,120,53,127,53,127,35,75,122,35,127,48,84,14,84,121,106,84
"375",77,42,7,5,50,15,62,33,7,62,15,99,82,99,62,99,62,35,90,7,28,85,64,58,105,115,49,115,49,31,13,79,31,126,86,126,38,76,38,76,104,13,104,13,104,130,76,130,110,130,38,76,38,76,38,31,104,38,76,31,38,104,79,104,130,104,130,104,31,79,13,76,38,86,66,61,104,31,13,31,104,30,113,30,113,61,104,61,66,31,104,130,110,38,86,38,130,38,76,61
"376",77,109,98,77,98,109,19,99,51,19,10,112,133,98,112,26,89,83,56,44,18,122,75,24,125,40,135,47,21,48,132,84,14,84,53,84,132,84,53,96,121,106,40,24,125,40,41,60,40,125,40,106,121,12,108,73,97,42,87,99,51,99,42,87,109,87,102,96,121,106,84,121,106,121,120,96,121,96,12,121,120,106,36,40,95,122,75,122,18,17,75,24,40,106,36,84,53,127,53,84
"377",77,98,133,112,10,99,42,97,102,108,73,61,66,86,38,86,110,38,61,66,61,30,113,77,99,89,112,133,112,89,123,26,89,26,123,70,112,70,123,26,123,70,123,70,123,70,123,70,133,112,98,109,42,97,136,127,35,87,35,23,106,53,84,14,12,117,108,12,127,96,102,97,102,120,106,40,55,92,105,42,87,90,35,90,99,51,99,93,82,98,112,133,70,123,70,123,70,133,70,133
"378",77,112,10,89,83,56,18,17,32,18,94,100,94,24,94,100,105,35,95,75,122,75,122,35,87,42,117,108,121,96,121,120,23,106,36,16,41,21,132,106,121,120,121,120,102,97,87,42,118,47,136,47,135,55,135,40,125,40,41,60,36,41,40,125,94,105,55,45,29,80,125,55,92,105,114,74,134,6,81,37,81,37,119,3,22,6,78,43,82,64,1,124,116,56,15,99,82,64,139,7
"379",77,42,113,61,38,76,13,76,13,79,13,31,79,31,13,49,115,49,113,30,113,30,115,105,92,105,15,18,75,94,100,4,28,85,28,5,57,5,17,55,125,40,36,41,60,16,41,60,36,106,95,8,4,8,29,45,80,45,55,125,55,32,29,8,48,132,41,16,36,106,40,125,40,39,36,106,135,40,48,135,92,105,8,100,57,7,64,116,34,64,34,28,17,100,4,17,100,4,28,139
"380",77,43,128,6,74,128,114,25,6,129,6,81,37,25,128,43,128,43,74,43,128,7,62,15,62,15,90,105,55,135,47,118,47,136,127,35,33,35,95,8,32,29,125,29,45,80,60,41,135,92,71,92,105,42,136,87,102,108,102,120,23,120,102,120,121,120,23,39,120,102,117,87,99,133,112,109,112,133,98,77,98,133,70,133,112,133,112,98,58,128,43,134,6,81,37,138,69,54,138,54
"381",77,105,99,56,18,122,95,75,105,27,59,27,71,105,4,28,100,56,44,18,122,75,122,18,94,100,4,8,4,28,139,7,28,5,34,50,64,52,128,134,3,65,3,65,3,22,3,65,22,3,65,3,65,119,81,37,81,37,131,69,131,137,69,137,67,137,131,69,131,69,137,138,67,37,6,91,6,67,88,67,88,107,20,129,20,107,20,91,111,91,20,88,124,107,2,111,64,52,81,37
"382",77,99,10,112,98,77,98,77,112,133,112,133,70,123,70,112,133,112,109,99,56,64,7,17,55,105,114,105,32,8,32,8,4,100,4,28,4,8,29,80,45,55,75,122,75,122,95,122,18,44,56,83,56,62,44,62,105,11,114,98,133,70,133,112,10,112,10,19,109,77,109,98,77,109,77,98,133,70,26,112,98,114,98,112,77,109,19,99,19,10,89,51,83,64,83,1,34,1,64,93
"383",77,99,62,33,15,62,33,62,15,62,15,105,17,57,8,32,29,32,29,80,29,125,8,32,15,105,64,34,1,9,101,9,64,43,78,43,128,82,1,9,64,34,116,63,139,64,82,43,74,119,54,138,54,9,2,138,2,101,137,2,137,101,9,116,15,105,118,136,118,47,135,40,45,29,8,4,8,105,90,42,62,99,62,105,71,105,32,15,105,55,41,60,16,132,21,41,55,45,29,80
"384",77,113,109,90,15,93,64,93,99,51,19,51,89,51,109,19,33,99,109,99,109,87,97,136,48,84,53,84,132,21,48,127,48,40,125,24,39,23,106,40,41,60,41,16,132,21,132,84,14,84,14,84,14,121,96,12,108,12,53,12,108,12,108,12,108,12,108,12,121,120,102,87,42,58,64,62,122,18,5,28,7,42,105,135,55,125,100,17,55,40,24,75,18,44,51,62,90,87,42,105
"385",77,109,99,19,51,89,83,56,44,18,44,15,18,94,24,75,17,94,125,40,125,94,100,8,4,8,29,32,105,92,27,59,83,56,93,56,44,62,64,111,9,63,124,101,9,101,111,64,111,63,124,1,9,72,124,63,124,63,111,91,103,20,129,6,129,103,129,134,128,25,6,74,114,128,43,78,134,25,6,67,131,37,3,119,22,134,74,134,6,129,20,107,20,91,82,99,62,33,19,109
"386",77,109,87,90,87,97,109,42,58,115,7,5,18,55,135,40,24,125,39,125,24,125,40,60,16,132,106,40,125,55,27,92,55,40,125,94,24,94,24,75,122,75,18,122,95,122,75,122,44,62,15,87,97,127,48,21,132,21,132,127,136,118,47,136,117,127,53,127,53,48,84,36,40,125,24,125,94,24,95,24,94,125,24,125,40,125,39,40,36,84,121,53,132,106,36,41,60,80,29,80
"387",77,98,109,42,71,27,64,114,128,64,7,15,18,122,94,24,75,24,39,40,39,24,39,106,21,127,136,48,84,53,127,84,36,41,16,36,106,84,106,121,96,108,117,108,12,108,12,108,120,102,120,23,95,24,94,24,75,33,35,75,94,24,94,100,94,24,94,5,57,7,4,100,8,32,45,41,80,60,80,60,36,84,14,12,108,117,108,96,53,127,136,47,21,132,106,132,127,48,132,84
"388",77,98,77,105,55,125,94,105,58,113,61,30,113,61,38,126,66,126,38,86,126,38,86,38,126,31,66,126,38,126,38,130,76,126,61,86,38,31,13,104,113,61,30,113,30,104,61,126,38,130,38,76,38,126,66,61,113,109,90,33,15,90,109,112,70,123,26,89,10,19,10,89,51,83,64,85,64,1,34,63,116,34,64,17,100,94,5,28,34,139,59,71,27,71,55,40,125,40,55,125
"389",77,109,19,109,99,109,112,133,98,82,43,78,103,129,6,81,128,74,119,81,119,81,91,134,128,74,43,78,6,129,78,43,78,134,74,119,54,81,3,81,124,107,124,111,63,72,111,72,63,124,63,124,107,124,116,1,64,15,50,124,72,111,82,64,83,89,83,64,1,64,1,50,1,64,52,64,34,64,82,111,91,6,78,91,111,82,111,20,103,20,67,131,69,46,137,67,129,103,91,111
"390",77,98,114,11,114,128,43,78,134,74,119,3,22,74,22,3,65,3,65,3,65,3,65,3,65,3,65,3,65,3,65,3,22,3,65,3,65,3,119,25,128,25,128,114,74,6,81,91,134,6,37,81,54,137,138,54,138,2,9,85,28,139,7,114,64,93,98,128,6,129,67,6,74,43,74,119,22,119,25,119,74,43,128,43,128,54,25,119,114,64,115,30,115,58,11,58,42,90,99,62
"391",77,98,82,93,82,99,82,77,98,115,30,68,104,30,61,38,126,38,76,38,86,38,86,38,76,79,49,115,30,115,58,115,30,68,117,12,108,117,136,118,47,135,92,32,45,55,27,138,59,64,28,7,5,57,100,8,4,57,5,28,4,7,139,116,124,101,72,88,91,6,129,20,107,20,129,6,37,81,128,43,128,43,77,98,118,42,109,42,136,127,97,42,7,15,56,15,18,15,90,62
"392",77,99,82,98,82,43,128,52,25,64,116,34,50,56,83,64,93,56,44,15,105,118,98,112,77,98,77,98,77,113,30,104,79,49,115,49,115,49,31,61,30,68,30,104,31,13,31,61,66,86,38,130,38,76,13,79,13,31,66,61,86,66,31,104,31,66,61,113,30,115,49,79,31,79,13,49,30,68,30,68,30,61,66,61,31,126,66,61,38,76,13,79,76,38,104,68,30,113,30,113
"393",77,109,90,135,105,124,88,107,124,100,125,40,125,24,39,40,39,23,127,40,36,106,121,120,23,39,125,40,55,105,55,92,27,71,105,115,30,68,30,113,30,68,113,30,61,38,76,104,49,115,49,115,30,113,61,66,61,38,104,31,13,61,31,76,130,104,31,49,115,49,115,105,17,122,95,122,75,122,75,18,15,62,99,87,109,99,62,90,87,42,118,42,87,42,99,90,105,114,105,55
"394",77,98,77,109,90,62,15,125,40,80,41,60,80,45,32,8,100,105,114,74,134,74,119,25,64,111,63,124,63,124,88,67,20,129,103,20,91,103,111,103,67,88,107,124,63,111,82,99,82,59,27,71,27,92,71,105,55,17,57,100,8,4,100,28,85,63,116,1,107,124,88,72,101,107,20,91,111,82,111,101,2,46,138,54,67,6,129,91,6,81,111,82,93,64,1,50,64,111,1,64
"395",77,109,99,82,99,51,19,10,112,133,112,10,99,93,82,111,107,88,67,88,124,138,27,138,2,101,2,9,85,139,63,111,72,63,116,34,64,52,64,50,63,111,91,111,91,20,129,20,111,91,128,43,128,6,129,78,134,129,67,88,107,88,107,72,111,6,74,128,25,64,34,116,1,9,1,83,56,93,82,93,64,9,64,27,71,105,17,44,56,99,51,99,93,56,83,56,93,56,51,19
"396",77,98,99,51,10,99,62,15,50,64,2,124,72,111,72,88,67,138,107,88,107,88,67,20,67,137,67,88,107,111,91,6,78,43,128,59,71,105,15,62,15,93,82,128,134,6,67,129,103,91,134,74,128,52,25,111,124,2,137,131,69,137,131,69,46,137,69,138,54,137,67,137,54,67,88,67,88,72,124,82,93,64,50,56,83,64,128,25,128,74,134,6,129,67,20,107,111,72,63,124
"397",77,109,99,90,99,98,133,82,64,99,51,99,62,15,44,62,15,105,100,4,8,15,122,95,23,95,122,44,122,18,44,56,18,15,8,29,45,80,45,80,125,40,125,55,18,44,18,15,122,75,35,122,75,24,95,122,95,122,95,122,15,62,18,94,125,29,45,80,45,8,4,100,94,75,95,23,120,102,120,23,120,121,106,36,16,41,16,21,48,21,132,106,40,95,122,95,75,95,23,95
"398",77,98,112,109,42,64,34,28,85,139,28,139,85,64,116,139,28,4,8,32,4,100,8,100,5,28,139,7,64,114,74,119,22,134,43,134,6,134,74,43,133,70,26,123,26,123,70,123,70,123,26,123,70,133,112,89,10,89,83,1,124,63,72,124,116,34,64,15,7,50,7,4,8,105,15,62,33,122,75,122,18,62,44,18,17,75,122,95,75,122,95,39,125,24,39,125,29,125,29,80
"399",77,109,99,19,51,10,19,33,35,23,120,102,23,120,23,35,33,122,33,15,33,122,18,15,62,33,51,99,51,19,62,15,105,17,18,17,122,75,24,95,39,23,102,108,102,108,12,121,120,102,120,102,120,121,84,53,127,35,95,106,40,80,45,32,105,32,8,29,32,105,114,105,92,135,92,27,54,138,27,54,119,54,138,27,92,71,92,105,94,24,75,24,125,40,39,125,40,135,40,106
"400",77,42,118,47,21,132,21,47,135,40,39,24,75,24,75,122,75,95,8,95,75,24,75,24,39,125,40,106,132,21,132,36,106,36,106,132,106,95,122,15,62,99,89,10,89,10,99,62,51,89,26,123,26,89,26,123,70,133,70,123,70,133,70,133,112,98,42,98,112,133,70,133,112,77,105,114,74,119,25,128,111,124,107,88,67,6,91,6,103,91,103,111,81,131,137,67,2,124,116,64
"401",77,99,51,62,44,18,122,18,44,62,15,62,33,19,99,98,42,99,62,33,62,51,99,82,77,105,55,40,24,75,122,95,75,24,75,17,100,57,124,93,82,91,129,6,129,6,129,6,67,137,46,69,54,138,69,137,67,137,69,137,2,101,2,111,64,93,1,124,101,137,101,2,101,88,107,88,107,101,9,101,2,27,71,27,71,55,27,92,27,59,27,55,125,24,39,23,39,24,39,125
"402",77,98,99,56,99,112,133,98,114,11,114,74,128,64,105,5,50,34,64,54,138,37,81,131,69,81,37,81,3,119,25,128,81,25,128,81,119,25,128,25,128,43,74,114,11,114,64,1,116,1,124,63,139,64,15,64,83,93,64,85,64,128,25,128,25,54,138,54,138,54,138,67,6,74,119,22,119,128,91,111,103,129,103,6,91,82,111,64,52,128,25,128,74,119,25,52,105,71,105,17
"403",77,109,99,56,93,99,109,112,77,109,42,77,98,77,98,77,113,30,31,104,61,86,126,38,126,38,126,38,86,126,38,126,31,126,31,38,126,66,61,66,86,38,76,38,126,38,86,38,61,113,30,115,30,113,109,77,98,112,98,77,113,30,113,68,104,79,13,104,31,79,49,30,113,58,11,114,105,32,105,118,99,90,55,8,29,80,45,80,29,80,32,8,125,40,125,40,24,39,95,122
"404",77,99,98,133,112,10,26,123,70,123,70,133,112,133,112,109,99,93,56,93,56,50,56,50,5,28,57,17,94,24,94,24,94,24,94,100,125,40,106,121,106,121,84,14,84,14,84,14,84,14,84,36,106,132,41,106,120,95,75,122,44,18,15,18,44,62,99,109,19,99,90,105,90,51,99,98,128,43,129,6,91,128,43,128,43,134,6,37,81,37,67,131,69,131,69,131,69,131,69,46
"405",77,82,99,51,90,99,82,128,114,105,100,8,95,48,47,136,47,21,132,95,106,121,106,23,95,75,35,75,122,95,75,94,24,94,105,58,115,30,68,30,113,61,73,108,12,108,12,108,12,108,12,121,106,121,96,121,120,102,120,23,120,121,53,84,106,36,16,36,106,40,39,23,35,23,48,132,21,127,132,84,121,12,14,84,14,12,53,12,96,53,12,108,12,121,120,23,39,23,35,75
"406",77,99,90,19,10,99,62,15,62,15,105,58,105,75,17,75,95,35,95,122,18,122,44,56,99,51,99,98,112,77,98,77,98,112,109,77,109,112,109,77,98,99,62,15,50,56,93,116,124,2,101,2,137,2,138,54,69,131,67,20,67,6,129,91,111,91,128,91,103,91,6,128,43,128,43,98,128,25,119,22,119,25,119,25,128,7,64,59,128,43,82,91,128,91,103,20,103,91,6,67
"407",77,109,19,10,89,26,70,123,26,89,99,109,42,117,108,102,120,121,12,120,121,12,121,120,102,120,121,120,102,87,35,23,102,120,121,84,132,106,23,120,23,48,53,132,41,16,60,40,125,40,125,39,106,36,41,36,84,53,84,16,36,40,39,24,125,94,24,75,24,94,75,122,75,35,90,99,64,15,18,122,95,8,32,8,32,4,8,29,125,40,106,120,102,120,121,106,40,55,92,71
"408",77,98,112,133,112,77,109,97,108,97,87,35,33,15,105,55,71,27,71,27,59,27,71,105,114,11,114,11,58,7,57,28,85,9,101,111,107,88,67,129,20,67,20,111,20,129,6,91,20,129,6,67,129,91,6,91,128,6,91,6,128,6,129,6,91,129,6,81,37,81,52,25,81,37,81,37,81,91,111,63,85,63,124,107,138,27,71,27,9,85,9,85,28,85,7,93,56,99,62,33
"409",77,109,19,62,15,99,98,82,111,20,91,111,64,52,64,9,64,85,28,5,18,122,18,122,18,122,75,122,95,122,75,122,18,122,18,44,62,75,18,75,24,75,122,95,39,24,94,100,57,100,8,100,28,34,50,34,50,64,6,129,6,37,6,129,6,67,101,2,101,2,101,9,2,111,2,46,2,20,103,78,43,128,91,82,99,82,99,56,116,1,124,1,111,72,124,138,54,138,124,107
"410",77,98,42,118,47,21,127,35,127,121,84,106,132,48,53,84,36,41,80,41,80,41,45,80,8,4,8,100,57,100,57,17,75,24,94,100,125,24,94,18,44,15,62,18,15,105,90,87,15,105,15,18,44,122,95,122,75,95,122,105,4,34,50,5,57,28,4,7,17,100,4,100,125,94,95,23,95,75,95,15,62,35,87,42,97,108,12,108,117,108,12,108,117,97,87,97,136,47,127,136
"411",77,98,118,42,97,108,117,136,127,53,84,53,14,84,36,84,48,132,21,132,106,36,106,39,24,94,125,40,132,127,102,97,102,120,102,73,108,102,127,42,118,105,17,57,28,139,116,34,116,1,116,124,138,27,59,27,71,27,71,27,71,59,27,71,27,71,105,55,32,18,32,105,114,11,58,105,5,57,100,8,4,7,64,83,56,62,33,35,87,90,99,62,90,99,109,90,99,82,91,103
"412",77,109,90,19,51,99,89,26,123,70,133,98,112,109,97,102,108,73,108,96,121,120,102,35,33,35,105,55,135,21,47,135,92,55,105,58,114,105,32,45,41,16,60,16,41,40,60,45,80,29,45,80,45,40,135,21,132,41,132,48,53,102,120,121,108,12,96,121,106,121,96,102,120,102,120,102,97,42,7,139,85,28,34,116,124,107,88,107,20,91,103,111,2,101,72,111,91,82,98,112
"413",77,98,109,99,109,87,97,30,68,30,113,42,7,5,50,7,33,62,99,19,99,98,133,70,123,70,123,70,133,112,109,99,109,77,98,133,112,26,123,26,123,70,133,112,133,112,98,82,64,99,98,112,89,83,64,128,114,98,112,26,112,133,70,123,70,133,112,89,112,26,10,99,93,105,114,128,64,52,64,50,64,1,111,63,124,63,15,62,105,55,125,24,75,95,122,44,122,18,32,55
"414",77,58,7,4,100,18,17,105,4,7,28,100,57,94,100,5,18,44,18,15,62,44,18,62,7,28,4,100,4,100,4,100,125,55,27,71,105,42,109,42,113,61,104,38,126,66,61,31,126,38,130,38,104,31,79,31,126,38,110,38,126,38,76,38,76,38,126,38,104,130,38,126,66,126,38,126,38,76,61,113,58,11,58,42,118,42,77,98,112,99,10,89,10,89,83,82,111,91,6,74
"415",77,109,99,19,51,19,51,62,15,44,18,122,18,44,56,44,122,75,122,62,51,83,99,62,33,62,15,7,57,28,57,28,105,98,77,99,64,25,128,98,77,105,18,62,122,75,18,122,95,122,95,122,105,71,105,15,62,122,44,56,64,93,64,114,98,43,128,52,64,59,64,34,116,63,116,139,85,63,124,107,88,20,103,129,6,91,111,124,101,2,101,88,67,6,81,119,128,98,42,97
"416",77,98,112,77,109,77,98,112,89,112,89,26,89,10,89,112,98,133,112,89,112,89,123,89,10,51,89,123,70,123,70,123,70,112,89,99,62,33,62,122,17,44,56,15,62,99,51,99,51,89,10,77,98,112,89,51,99,62,42,58,42,105,17,55,80,41,80,45,80,125,100,94,75,24,40,60,41,40,125,40,39,40,125,24,94,122,95,8,29,80,29,125,94,24,94,75,95,122,75,55
"417",77,98,42,109,98,42,109,19,109,42,97,87,102,108,12,108,73,108,96,121,106,121,106,132,95,132,21,47,136,47,136,117,53,117,108,102,23,102,120,121,96,12,121,96,121,120,121,12,108,12,108,12,53,121,127,21,106,120,102,120,23,95,122,35,33,35,75,24,125,40,95,132,21,132,40,41,60,80,29,45,105,45,29,8,4,100,105,92,135,40,125,94,24,94,24,94,24,94,24,75
"418",77,112,109,42,127,97,109,77,113,109,42,58,7,28,4,100,57,4,100,105,11,105,15,100,94,100,28,139,28,57,17,55,40,125,8,80,45,60,36,60,80,29,80,60,36,60,36,40,24,39,40,106,39,24,39,24,125,8,125,24,94,18,15,105,100,57,17,5,50,5,28,7,5,94,17,75,24,125,55,45,40,60,36,84,53,48,53,127,132,21,132,53,14,121,106,120,121,120,23,39
"419",77,112,98,133,112,133,112,109,77,98,43,98,105,32,105,32,8,4,8,4,28,139,64,52,64,34,63,124,116,64,93,56,99,90,35,23,95,75,24,39,125,94,24,94,24,94,125,8,125,40,106,95,106,132,106,121,108,12,53,84,36,84,14,84,48,47,136,42,118,136,118,42,87,35,90,35,95,106,132,106,21,132,21,132,21,135,92,27,71,55,45,32,8,125,94,100,17,100,124,111
"420",77,98,109,99,10,89,99,42,118,136,117,97,102,108,117,108,96,121,120,102,108,12,14,84,48,53,14,53,84,36,84,53,132,21,132,106,21,47,118,136,127,97,102,53,127,53,84,36,106,36,106,36,132,21,16,132,21,132,21,132,21,16,41,60,41,80,60,41,80,60,40,135,127,102,108,12,121,84,36,40,36,132,106,132,41,16,41,60,80,29,80,45,55,40,55,105,55,125,39,24
"421",77,98,112,133,112,133,43,128,25,128,64,111,72,124,63,116,124,116,1,34,124,63,116,34,50,15,62,56,93,99,19,10,89,10,112,133,70,123,26,89,112,98,42,64,116,63,72,111,81,6,81,111,103,91,78,129,91,6,129,67,137,69,131,137,69,131,69,131,69,138,107,1,116,63,139,116,1,111,91,82,111,91,6,129,6,129,103,111,63,72,63,116,34,64,1,116,139,28,57,17
"422",77,98,77,113,30,68,30,113,68,30,68,113,58,98,99,10,77,109,77,98,7,90,87,42,109,77,98,114,11,58,42,98,109,99,109,77,98,112,133,43,128,82,128,82,128,64,82,128,82,77,109,97,87,42,77,82,91,103,20,88,107,124,107,20,103,6,78,43,128,52,6,91,82,111,72,101,72,124,82,111,91,82,64,7,64,93,99,112,89,10,99,62,15,56,44,99,19,10,99,77
"423",77,98,77,98,42,87,117,108,117,136,47,118,42,87,42,109,90,62,15,18,122,75,24,125,100,4,7,50,34,28,7,34,64,28,64,2,137,138,54,138,54,69,46,69,138,69,81,128,52,128,43,78,129,6,129,6,129,6,111,91,111,91,111,64,62,15,7,4,8,32,92,27,71,82,93,64,50,34,63,124,116,124,88,67,20,103,20,88,67,20,91,81,64,93,91,6,91,129,6,91
"424",77,109,98,77,105,32,45,80,45,55,32,4,28,4,100,94,100,94,24,39,125,39,95,23,95,23,35,95,122,62,90,35,132,106,132,127,97,87,42,98,133,70,112,98,109,99,62,105,15,62,15,93,64,52,81,119,54,67,6,129,6,134,6,91,6,78,134,22,3,65,3,81,37,6,129,20,67,88,137,88,107,88,101,63,34,50,56,93,64,1,9,1,64,28,85,64,128,6,119,25
"425",77,98,109,77,98,43,91,128,6,103,129,6,129,20,67,88,107,2,137,69,137,101,137,69,131,137,67,20,129,78,43,128,82,64,139,28,64,34,64,7,114,11,114,64,83,64,111,82,64,111,83,64,52,64,1,116,124,63,9,64,124,107,88,124,1,116,63,124,1,34,139,64,139,116,34,63,124,88,107,88,124,1,9,72,111,1,124,1,64,111,107,124,116,34,116,34,1,64,99,19
"426",77,98,42,98,128,25,128,25,37,81,37,81,119,81,119,22,119,37,25,128,59,128,54,138,2,137,46,69,131,69,137,69,137,69,46,69,37,131,37,6,128,25,119,25,128,74,119,74,22,65,3,22,3,114,11,114,11,58,7,139,85,139,28,34,116,1,64,1,124,72,63,9,101,107,124,116,34,116,63,116,63,116,63,116,124,1,116,63,124,72,124,116,34,50,5,105,114,11,114,74
"427",77,82,99,56,15,7,105,92,105,32,105,35,55,90,48,42,115,58,105,92,135,55,105,71,105,58,115,58,115,49,115,42,98,128,82,43,91,103,91,111,64,85,9,116,34,116,1,9,27,71,105,58,136,118,117,108,12,121,120,121,96,12,121,120,23,95,35,127,53,127,53,108,96,121,84,121,96,121,96,121,106,84,48,8,32,29,45,80,29,32,105,100,8,32,45,32,55,92,105,18
"428",77,112,10,99,93,82,128,43,82,128,64,28,85,9,64,1,50,64,25,119,25,52,64,83,64,82,111,124,116,1,124,116,34,64,105,114,64,111,54,69,131,69,131,67,88,107,20,91,111,2,9,63,124,101,2,101,2,138,54,67,88,107,88,107,88,67,137,46,2,101,2,101,124,63,124,64,9,85,7,64,98,42,87,109,42,87,97,87,109,42,99,19,109,77,98,112,98,77,109,112
"429",77,109,113,61,113,30,113,61,113,30,68,113,30,104,61,66,126,38,130,38,76,31,126,31,79,49,79,104,49,115,49,30,113,109,77,98,43,128,43,82,111,43,128,25,128,52,81,69,137,88,124,116,9,1,50,5,7,64,52,7,64,99,10,89,51,99,89,112,133,70,123,26,89,112,109,112,26,123,70,26,123,26,89,26,112,98,82,111,101,137,67,131,137,67,91,128,74,119,3,119
"430",77,109,19,109,99,93,99,109,99,82,128,25,128,91,6,25,54,119,81,37,81,91,103,20,129,67,6,91,67,137,69,131,137,101,2,46,69,81,37,6,129,6,128,82,93,1,124,101,72,124,63,9,101,72,111,81,52,59,27,59,67,88,124,1,83,111,63,72,101,124,88,107,88,107,88,20,67,88,72,88,20,67,6,25,128,43,128,43,128,64,1,64,116,63,111,103,111,91,81,37
"431",77,98,112,133,70,123,70,133,98,64,93,56,15,50,9,101,72,107,72,63,111,103,91,111,124,50,64,50,5,18,15,56,15,18,44,15,33,15,44,18,122,18,15,18,94,24,125,24,94,5,57,17,105,128,74,22,3,65,3,65,22,3,22,134,74,22,134,74,6,128,114,105,11,114,11,114,105,95,23,95,75,18,44,15,18,122,18,15,62,99,93,91,103,91,111,2,101,124,72,124
"432",77,98,112,77,98,77,109,99,62,56,83,51,99,51,19,90,51,19,51,90,35,90,62,105,7,34,64,111,93,56,15,62,15,62,15,62,15,64,52,105,17,105,62,15,62,15,105,7,139,34,63,116,34,64,1,124,63,124,88,20,107,88,107,101,137,67,91,103,91,78,134,6,129,67,129,6,81,37,3,22,3,65,3,37,67,88,67,2,137,69,131,69,131,81,37,81,119,74,134,6
"433",77,98,93,82,111,103,91,6,129,6,128,25,128,43,128,25,134,6,67,2,67,20,88,107,20,81,6,22,134,43,128,25,6,91,111,64,34,64,25,128,111,64,34,64,1,124,72,111,101,107,101,124,101,72,9,85,139,34,116,1,124,1,116,34,116,124,63,116,63,111,91,128,43,128,105,58,115,49,31,49,79,76,38,76,38,130,104,31,13,79,13,79,13,76,31,126,66,86,126,76
"434",77,98,42,87,15,44,18,105,17,57,8,32,75,122,105,90,35,33,15,7,4,8,32,8,4,139,7,28,85,139,85,64,111,2,101,111,64,42,77,109,99,51,62,18,15,90,62,99,51,62,15,62,33,15,90,105,32,55,105,52,71,105,32,105,7,42,118,42,115,49,115,58,105,92,71,59,71,55,135,55,105,92,135,92,55,92,135,55,92,105,98,112,99,109,87,97,117,108,102,120
"435",77,113,68,104,79,104,38,126,66,126,66,61,66,126,38,79,31,104,49,115,98,77,10,112,133,112,133,70,133,112,77,113,104,130,38,110,86,38,76,31,79,76,38,76,38,76,38,76,13,31,49,79,104,79,13,79,13,104,31,49,115,42,99,62,15,62,15,90,99,62,15,18,15,44,56,83,64,7,4,28,139,116,111,64,7,128,43,64,111,64,34,116,124,111,82,93,56,44,18,5
"436",77,98,77,109,19,10,19,99,42,118,42,71,27,2,101,72,124,107,9,27,71,52,64,85,28,64,1,116,34,50,1,34,116,139,64,128,64,9,63,124,116,1,9,50,34,50,34,116,139,7,15,99,10,109,99,19,51,19,51,99,64,83,64,1,116,124,107,20,107,88,124,88,72,88,101,2,101,111,116,34,1,124,63,72,101,46,137,69,131,67,137,69,131,137,101,9,85,28,7,128
"437",77,98,112,98,77,98,77,109,98,128,114,128,114,64,15,44,18,15,56,93,56,99,82,99,10,99,19,10,112,133,112,98,77,98,77,98,133,70,133,112,133,112,133,70,123,70,123,70,123,70,123,70,133,112,89,99,98,112,10,19,10,99,109,90,15,105,58,105,90,109,19,99,62,33,62,15,18,5,17,90,99,62,90,15,44,15,62,99,109,99,10,77,98,112,77,109,99,77,98,77
"438",77,98,109,77,98,133,112,10,112,89,26,123,26,89,112,133,112,133,112,133,70,123,26,123,26,123,70,123,89,99,109,42,58,64,139,105,75,24,75,122,35,90,35,95,106,121,12,53,84,53,117,127,136,47,135,55,125,40,41,60,41,21,127,21,127,136,118,42,105,71,27,138,54,138,69,131,69,137,131,137,2,137,69,131,69,137,67,88,124,111,64,34,50,64,34,28,64,124,116,83
"439",77,109,87,102,53,84,14,121,106,36,53,84,14,53,36,40,36,40,132,21,47,136,42,58,11,114,119,74,6,74,134,74,119,25,119,74,119,54,138,54,69,81,131,69,46,101,88,72,111,1,124,63,124,72,107,88,107,124,116,1,107,111,82,111,64,58,105,35,127,40,106,121,96,108,12,108,12,121,96,121,84,36,53,84,36,41,60,80,45,60,41,36,106,132,21,132,21,16,36,106
"440",77,109,98,77,98,133,98,112,98,82,111,91,111,20,101,9,63,9,2,137,69,138,54,128,25,128,43,82,111,91,111,64,50,124,72,101,72,111,43,128,134,43,133,98,99,51,10,19,90,62,105,92,55,125,80,125,8,29,80,60,80,45,29,80,125,40,125,55,125,24,125,55,105,62,75,122,35,95,122,18,75,35,90,15,116,34,1,124,111,91,128,119,25,119,22,119,74,119,22,65
"441",77,109,42,118,105,52,64,114,128,43,128,64,111,63,124,116,124,116,1,124,107,72,124,34,28,34,50,64,34,139,85,28,57,100,94,17,18,17,94,24,94,100,8,29,45,32,105,114,64,34,139,28,7,128,25,128,43,134,78,129,20,107,111,103,20,111,103,20,103,91,129,67,129,6,67,137,67,2,137,67,2,46,69,138,54,138,54,138,27,71,92,27,71,92,135,55,45,80,60,80
"442",77,98,42,98,133,70,123,70,123,70,133,70,123,70,123,26,123,26,89,112,26,10,89,10,99,93,99,90,105,58,77,113,109,77,109,42,97,102,97,102,53,84,36,132,127,35,75,35,23,39,24,125,40,125,40,125,94,75,35,33,62,15,99,62,51,99,51,99,10,89,26,123,70,133,112,109,77,109,77,99,82,128,134,6,134,78,43,128,52,64,128,6,128,74,43,128,43,128,6,134
"443",77,109,51,99,62,99,19,10,89,26,89,26,123,70,123,70,123,26,123,70,123,89,10,19,51,83,51,83,89,10,19,99,15,64,114,11,105,52,64,58,77,98,109,42,136,97,117,108,117,136,47,136,48,127,53,12,14,12,108,73,108,117,97,102,120,102,87,90,15,18,122,95,18,44,18,44,18,44,18,44,56,62,56,100,4,8,32,29,80,125,24,94,100,8,95,122,100,4,28,5
"444",77,98,112,26,89,99,90,99,133,70,123,70,133,112,98,114,128,105,32,29,8,4,28,85,64,111,72,111,107,1,93,56,83,89,109,42,105,87,127,21,106,41,60,41,60,16,21,48,132,21,132,16,132,106,36,60,41,40,48,47,136,118,105,93,34,50,64,128,64,116,34,64,1,56,116,124,101,137,67,138,54,67,88,72,124,63,50,15,62,51,19,99,90,109,99,51,99,77,58,115
"445",77,99,89,10,112,109,99,19,51,62,44,122,62,15,62,51,99,51,99,51,62,33,62,99,62,15,62,33,15,62,44,51,56,93,82,93,1,107,138,69,137,2,138,37,81,54,81,37,6,134,74,114,119,81,6,129,91,111,64,50,34,64,82,64,111,63,124,63,111,2,101,107,124,85,63,116,34,64,99,87,42,97,109,87,97,102,87,102,120,102,108,102,120,121,108,97,87,102,120,121
"446",77,98,42,118,42,105,114,11,114,119,22,65,119,25,128,25,119,74,119,74,119,65,3,22,65,119,128,25,64,7,32,45,80,45,55,45,80,45,80,29,8,80,60,36,84,14,12,108,12,108,73,108,12,121,14,84,36,106,95,122,95,122,18,55,71,92,32,29,8,100,105,55,32,29,8,100,8,32,8,29,80,60,41,60,16,41,36,16,41,60,41,60,41,106,21,132,127,48,136,117
"447",77,98,77,113,68,104,30,68,104,79,13,104,38,126,31,13,104,38,76,79,13,79,31,126,76,38,76,31,49,115,64,28,57,28,7,57,100,4,7,128,25,129,78,134,6,111,64,71,27,59,25,128,6,134,129,134,78,43,78,43,128,91,93,64,1,116,1,111,124,88,101,72,63,9,85,64,34,116,124,17,57,5,50,5,57,17,7,4,8,4,8,32,105,17,105,35,62,90,62,99
"448",77,98,43,128,82,99,90,99,82,128,43,6,129,78,43,128,64,128,43,134,22,3,65,119,65,3,22,74,128,82,98,133,112,89,83,56,44,56,83,56,50,34,1,124,116,1,34,64,50,64,71,4,32,45,29,32,105,17,32,29,80,45,80,45,80,60,41,60,41,16,21,132,84,36,84,14,84,48,136,117,108,121,120,23,95,15,7,64,25,128,43,78,129,6,129,91,43,128,114,64
"449",77,109,99,90,35,95,8,100,57,100,15,33,51,19,10,89,10,19,10,51,99,93,56,116,1,83,1,124,72,63,124,72,101,9,85,9,63,9,2,64,58,105,92,27,59,64,98,112,109,99,19,10,89,10,112,10,99,56,1,116,124,107,138,67,88,67,6,129,6,22,119,25,128,25,119,25,6,129,67,88,67,137,2,9,1,83,56,99,51,62,33,19,109,112,133,70,123,70,123,70
"450",77,99,90,19,51,56,44,18,15,105,17,7,85,28,7,33,15,105,71,92,27,71,55,75,122,18,44,56,62,15,7,64,1,124,107,138,54,138,137,46,69,131,81,128,25,128,74,22,3,22,134,22,119,54,138,88,107,124,72,124,63,116,34,64,28,100,57,125,40,55,45,80,45,32,45,32,29,45,32,8,4,100,125,55,125,8,100,17,5,17,5,18,44,62,15,90,42,87,35,90
"451",77,98,43,78,129,6,111,82,64,83,56,83,111,20,129,91,6,91,111,64,1,116,124,88,124,116,124,116,63,139,28,4,100,57,100,94,24,75,105,71,59,83,56,62,15,62,15,62,15,7,50,64,111,91,111,2,111,63,111,1,64,9,63,111,103,129,6,134,74,128,82,128,25,119,54,119,22,65,3,81,37,6,67,137,46,69,131,137,2,46,69,131,37,81,20,129,91,111,103,129
"452",77,98,77,109,112,133,98,42,7,15,64,83,89,83,99,51,99,51,19,51,62,15,105,17,18,122,95,23,95,24,125,94,57,28,57,100,57,100,8,32,92,135,92,71,27,2,137,88,67,2,137,69,46,137,101,111,64,1,107,124,64,93,98,133,112,133,112,133,112,133,112,10,99,62,15,7,28,64,83,56,83,64,50,34,116,5,105,90,99,83,51,99,82,128,52,64,111,103,129,6
"453",77,98,77,98,7,139,28,5,50,34,116,1,111,91,103,91,82,128,64,52,81,54,138,124,88,107,88,72,88,2,138,27,92,105,71,92,135,47,127,136,48,127,53,127,21,48,47,118,47,48,8,29,8,32,45,80,45,32,55,8,32,8,125,8,4,100,57,28,4,8,4,7,5,28,5,93,64,50,5,50,7,17,105,118,42,58,98,77,10,112,10,89,83,64,52,64,52,128,105,71
"454",77,98,77,109,42,97,127,47,136,117,108,117,136,47,136,127,136,42,118,42,97,102,120,121,96,12,121,120,23,95,23,95,35,90,87,42,7,5,17,100,8,32,29,125,40,21,132,21,132,53,14,121,120,23,120,121,106,132,84,132,127,87,42,98,99,10,19,109,99,109,97,42,87,97,136,42,109,112,10,89,99,51,19,62,15,90,62,99,42,118,47,118,117,108,117,48,136,47,21,132
"455",77,109,99,62,44,56,62,18,15,44,56,99,82,111,82,111,2,101,2,101,137,101,72,9,63,9,64,52,64,1,116,34,116,63,124,107,88,137,101,9,1,64,81,37,131,69,54,138,59,64,85,9,101,2,101,2,9,1,83,59,64,2,101,46,138,54,67,138,67,6,91,129,6,134,78,91,6,129,6,67,54,67,2,111,63,124,63,124,72,63,111,124,100,4,57,124,111,64,15,62
"456",77,82,111,9,101,72,101,9,139,28,7,4,8,29,45,80,29,8,95,122,95,39,24,75,35,62,99,82,128,43,128,25,37,65,3,22,65,3,65,3,22,6,134,6,129,67,20,67,88,107,88,20,129,6,81,37,81,37,81,37,81,37,67,88,67,137,46,101,2,111,91,82,128,119,74,43,74,134,78,134,78,43,128,64,50,100,4,8,4,8,4,8,4,28,64,34,116,63,116,15
"457",77,109,51,99,109,99,64,82,111,2,46,137,101,9,101,124,63,116,64,93,1,111,2,111,63,9,50,34,116,124,63,111,72,101,137,101,72,111,1,34,64,52,64,9,85,28,57,100,94,18,75,122,75,94,125,40,135,92,27,92,55,45,32,55,105,100,105,15,63,124,1,101,107,101,124,101,107,88,138,69,81,52,64,1,34,64,1,124,1,64,114,128,43,78,6,129,6,129,20,107
"458",77,42,118,42,97,127,121,12,108,12,108,96,12,96,121,120,102,97,87,97,109,112,26,123,70,123,70,123,70,123,26,123,26,112,98,133,112,133,112,98,77,105,27,55,27,54,37,81,37,81,37,6,37,81,6,81,69,46,69,67,131,137,101,2,101,72,124,111,91,20,103,91,82,99,112,98,77,98,77,98,82,99,62,15,62,99,51,83,59,27,138,54,138,27,71,27,138,107,124,107
"459",77,98,112,70,123,70,133,98,133,70,123,70,133,98,115,64,52,64,7,50,1,50,34,116,124,63,34,116,139,63,72,124,111,124,116,93,50,5,28,5,57,5,57,28,4,100,8,57,17,18,44,56,99,93,18,5,28,7,50,34,64,28,34,50,5,105,92,55,45,41,36,84,36,41,36,41,80,60,41,60,40,106,132,106,21,132,48,21,48,136,118,105,58,11,58,105,71,27,71,105
"460",77,98,133,98,42,7,94,57,8,32,8,32,29,32,29,45,40,125,45,32,105,55,90,99,90,51,99,51,19,10,89,10,89,112,89,99,56,15,56,93,105,5,50,34,9,101,2,46,69,81,119,22,65,3,22,74,43,128,119,81,119,81,52,105,114,74,128,7,42,109,42,115,30,115,64,128,43,98,58,42,58,42,97,102,108,117,108,102,96,12,102,87,102,120,23,106,36,84,14,53
"461",77,109,99,82,128,6,37,81,37,81,128,43,74,128,37,81,128,74,119,74,22,3,65,22,3,37,3,65,3,65,3,65,3,119,81,37,81,54,119,3,65,3,65,3,65,22,134,43,128,25,114,74,128,43,78,43,74,22,3,65,3,74,134,6,74,128,81,6,81,37,81,6,128,43,98,114,98,109,112,10,99,42,105,52,64,124,116,64,52,25,128,25,119,74,134,91,128,25,128,25
"462",77,112,77,82,91,6,129,6,91,111,82,111,128,43,133,77,109,87,97,42,109,77,113,30,104,38,126,66,61,66,126,76,38,76,38,126,38,86,38,86,38,61,104,130,104,30,113,30,68,104,31,79,31,126,38,126,86,38,76,38,130,104,79,13,104,13,31,104,68,113,61,38,86,38,126,86,126,66,126,66,126,86,126,66,31,49,115,49,79,76,79,31,79,49,79,31,126,86,66,61
"463",77,105,32,55,71,27,71,105,118,42,118,42,105,64,34,28,139,28,100,125,45,80,29,32,8,125,39,40,39,40,80,45,40,125,135,106,135,55,105,32,29,80,45,80,60,80,60,80,45,55,92,105,58,105,18,75,18,15,5,50,1,34,50,34,1,116,107,88,67,54,137,67,129,67,137,67,137,101,2,46,137,67,137,138,69,46,69,46,69,46,137,2,101,72,101,2,101,9,63,124
"464",77,109,77,98,43,128,82,128,25,54,27,71,27,59,64,139,116,1,34,7,42,115,98,109,112,10,19,62,15,62,105,25,128,54,119,74,6,128,64,128,64,43,82,43,129,78,129,6,128,82,99,51,19,90,19,51,99,19,99,77,99,87,35,127,132,16,41,36,84,53,127,132,21,132,21,132,16,41,80,45,29,32,29,80,45,80,29,8,95,105,55,105,18,105,15,122,18,17,105,71
"465",77,98,77,98,112,109,87,90,99,10,109,113,30,115,49,115,49,115,49,115,79,49,30,113,61,113,77,109,98,114,119,74,134,6,129,6,25,128,114,128,52,64,50,1,63,116,34,64,7,90,105,58,105,15,90,62,33,35,127,16,132,127,35,95,122,18,122,75,24,75,105,90,35,90,95,35,75,95,90,99,10,19,51,10,112,133,112,133,112,89,10,99,56,50,64,99,82,43,128,91
"466",77,42,109,87,90,105,62,15,18,122,18,15,105,115,58,105,62,15,33,15,105,92,27,59,27,71,105,94,100,28,57,5,57,5,105,32,105,77,42,136,47,136,127,48,84,14,53,84,14,106,40,39,40,21,47,21,127,21,47,135,47,118,47,118,42,58,42,99,10,19,10,19,10,112,133,70,123,26,89,112,109,42,115,49,115,49,30,61,30,113,30,113,61,38,130,38,86,38,126,38
"467",77,112,133,70,123,26,123,26,123,70,123,70,26,123,70,133,70,133,70,123,26,70,133,112,133,70,133,98,43,128,7,15,62,99,82,91,6,67,131,138,27,71,92,105,15,18,44,18,75,95,24,94,105,58,105,42,118,136,118,42,58,115,49,30,68,30,113,68,30,113,30,68,30,68,30,115,49,30,113,97,102,23,102,97,136,117,108,12,108,102,120,23,95,132,21,106,132,106,21,106
"468",77,58,115,30,68,30,104,31,49,79,13,104,30,68,113,30,61,66,31,104,130,76,38,126,61,113,104,73,102,120,121,14,12,53,84,36,60,41,60,41,40,36,106,36,14,84,14,121,106,121,106,135,21,40,125,40,55,90,35,102,23,95,23,120,102,120,121,96,121,96,120,23,95,106,36,106,36,60,16,41,36,106,21,40,36,60,41,80,29,45,55,45,55,135,21,132,84,48,136,47
"469",77,42,99,51,62,33,62,15,62,33,62,15,94,125,8,100,94,24,125,100,125,39,24,75,122,18,44,62,33,62,56,93,56,99,51,90,99,56,93,56,62,44,15,62,33,15,105,92,55,92,105,18,122,75,18,105,52,128,98,133,112,77,98,115,42,87,42,87,42,98,99,62,33,35,23,120,23,35,23,39,24,75,122,18,15,7,28,57,28,57,17,57,28,5,50,5,57,105,32,29
"470",77,105,115,49,104,31,126,66,86,66,31,13,76,13,104,13,31,104,13,76,38,110,38,126,31,104,76,13,79,130,110,86,61,113,109,112,98,112,133,70,123,70,133,112,109,77,113,30,115,113,61,66,86,66,86,110,86,38,76,38,130,76,126,66,61,30,61,66,126,38,86,110,38,126,38,104,31,13,76,13,76,31,13,31,79,130,38,130,38,126,38,76,38,86,126,86,38,86,38,126
"471",77,98,112,26,89,51,90,15,90,105,75,33,62,51,99,51,99,42,115,49,104,30,61,30,115,30,68,113,61,38,130,38,86,38,126,66,61,113,115,49,31,126,66,61,30,61,30,68,30,113,61,113,109,112,89,10,99,42,109,90,7,5,57,5,28,139,7,34,1,64,28,7,58,115,113,30,113,30,61,113,61,31,104,73,104,130,38,126,38,13,31,49,79,68,30,68,117,48,21,135
"472",77,10,19,109,77,98,118,47,118,47,118,47,135,92,27,55,27,59,64,111,64,93,64,15,64,114,128,114,64,52,71,55,105,100,28,139,28,4,8,100,4,8,29,80,45,60,41,80,29,32,8,100,94,24,94,15,64,72,111,91,111,91,129,6,111,91,103,111,82,111,63,72,124,88,20,54,69,46,101,137,131,137,46,69,46,69,131,69,54,119,25,119,65,3,119,25,119,74,22,6
"473",77,109,77,109,98,42,105,15,56,62,15,62,99,15,99,51,62,99,51,99,62,99,112,133,112,133,112,133,70,123,70,133,112,109,90,127,132,21,16,60,80,45,55,125,29,45,29,8,32,29,8,32,105,4,32,92,71,105,92,105,55,45,29,80,60,16,132,21,132,16,60,41,60,36,40,125,40,135,47,21,132,40,135,92,135,47,21,132,106,84,121,96,121,106,127,47,127,106,132,41
"474",77,10,109,42,118,42,90,19,99,51,62,44,18,44,62,75,95,122,95,122,94,125,40,55,105,114,74,128,25,128,43,91,20,107,88,107,88,67,37,131,69,137,101,63,124,116,63,72,63,83,51,99,51,99,77,98,77,109,42,97,108,102,120,23,95,35,23,95,8,4,100,8,45,32,8,32,8,95,122,100,8,100,28,5,105,5,116,85,28,64,50,64,114,128,43,91,82,99,93,64
"475",77,98,128,59,52,81,54,138,54,81,54,138,137,2,101,137,67,88,101,2,101,124,107,88,67,54,69,46,69,131,137,67,137,69,46,2,111,64,1,124,107,20,91,111,91,103,20,107,20,88,107,124,1,64,114,105,55,41,16,41,132,21,132,21,132,21,132,106,121,106,132,21,106,132,21,132,106,40,60,41,40,41,60,80,29,8,100,8,57,5,105,42,109,77,98,42,77,98,115,49
"476",77,109,99,62,33,15,44,62,51,19,10,89,123,26,70,123,70,133,70,123,26,123,70,123,70,123,70,123,26,70,123,70,112,70,133,112,89,26,89,10,89,26,112,133,112,133,112,70,133,112,133,70,133,70,123,26,123,70,133,98,128,91,103,6,67,129,6,134,78,134,128,52,128,25,128,64,50,56,44,18,122,95,75,18,44,62,33,35,95,24,75,122,75,32,45,32,29,8,57,17
"477",77,109,98,112,70,133,112,133,70,123,26,123,26,70,123,70,112,98,99,10,99,89,83,89,123,26,123,70,133,112,133,112,89,112,89,10,112,133,98,105,114,98,109,87,42,58,64,85,9,107,72,124,1,111,63,34,63,72,111,101,124,116,1,83,89,83,64,1,93,82,93,82,128,43,91,111,2,54,138,67,2,101,107,88,107,72,101,137,69,131,69,137,138,6,129,78,6,134,6,91
"478",77,98,77,112,89,112,109,99,109,42,97,42,58,105,15,64,1,34,64,114,105,92,55,135,92,27,59,27,138,54,81,37,65,119,25,128,114,64,17,105,7,17,5,57,7,15,90,15,62,99,19,109,99,19,62,105,11,114,74,134,129,103,111,124,107,88,107,116,34,64,93,56,15,44,56,93,99,109,113,30,115,30,113,61,38,130,38,126,86,38,126,86,38,130,38,126,38,130,38,61
"479",77,98,133,70,133,112,10,89,26,123,26,123,26,123,70,123,89,26,89,83,64,1,111,83,51,99,51,99,19,10,89,26,123,26,123,26,123,70,123,70,123,26,123,26,112,133,70,123,70,123,70,123,70,26,89,26,89,123,70,123,70,123,26,89,26,89,83,64,128,43,128,82,99,51,19,51,19,99,77,112,99,118,47,21,48,53,121,84,36,40,127,136,118,42,87,97,42,58,11,114
"480",77,98,77,109,112,133,112,109,87,109,87,97,87,102,120,121,14,84,48,47,48,136,97,87,42,115,64,7,99,64,128,25,119,25,128,105,118,105,42,97,127,35,33,62,33,62,15,33,62,15,101,107,88,72,111,124,101,72,124,63,116,34,116,1,64,128,25,134,78,6,67,137,67,129,6,67,137,138,54,124,1,9,101,63,139,63,116,124,63,111,20,103,129,6,134,74,119,81,37,81
"481",77,112,133,70,133,112,133,112,133,98,112,109,99,51,19,10,112,133,98,112,133,112,133,112,26,89,112,109,77,98,112,70,133,112,133,112,99,93,99,15,7,28,100,94,122,75,17,57,5,7,139,85,9,101,107,88,101,9,101,2,101,137,2,138,27,71,105,32,8,29,45,29,8,4,85,28,100,94,100,94,24,125,39,24,75,95,75,95,23,95,35,23,39,24,94,24,75,24,125,24
"482",77,98,77,112,133,112,98,112,133,128,43,78,43,128,25,128,25,128,43,128,119,25,129,67,37,6,129,91,134,74,22,3,22,65,3,22,134,6,134,78,43,64,52,128,43,98,77,98,77,98,133,70,133,70,123,70,26,70,123,70,133,112,133,112,133,70,123,70,123,70,133,70,133,70,123,70,123,26,123,70,123,70,123,89,83,89,26,123,89,10,89,112,133,98,77,82,128,6,67,137
"483",77,98,112,133,112,10,89,123,70,123,26,123,70,123,70,123,70,123,70,133,70,123,26,112,99,109,112,133,70,26,123,70,123,70,133,70,98,112,98,99,90,15,62,33,62,99,82,99,82,93,18,122,75,122,105,5,17,55,80,45,29,80,45,55,105,92,27,55,92,27,71,59,64,93,56,93,56,83,89,51,62,33,15,62,33,122,18,44,56,99,44,18,17,18,44,62,51,89,123,70
"484",77,58,42,115,30,68,104,30,113,97,30,97,117,136,48,127,53,127,135,55,48,21,132,16,36,84,36,84,106,40,55,125,40,125,8,32,45,55,17,75,122,44,18,122,105,15,62,33,62,15,7,77,109,99,19,90,105,122,100,4,100,94,100,8,80,60,80,29,8,4,8,100,125,40,41,36,106,21,132,21,16,36,106,132,84,53,121,106,132,21,127,21,47,136,53,84,16,36,41,80
"485",77,109,99,10,26,123,70,133,98,112,133,98,77,82,99,64,52,128,74,22,119,74,43,128,25,119,22,119,65,119,22,3,37,81,54,138,107,88,67,137,67,6,119,3,65,22,74,128,43,128,74,134,74,128,43,128,64,7,4,8,4,8,24,75,122,15,105,52,6,129,6,91,59,54,138,54,69,46,101,107,20,129,67,6,78,134,74,22,65,22,65,119,22,3,81,6,67,20,103,91
"486",77,98,99,62,56,44,18,44,18,44,62,33,122,95,39,24,94,24,39,24,94,100,17,57,5,57,28,57,100,64,7,15,44,56,83,64,1,116,50,64,2,124,116,139,116,34,50,64,52,64,114,74,114,105,55,45,80,60,80,41,80,45,55,92,105,71,59,138,107,138,69,46,101,2,138,137,131,69,138,67,20,88,72,124,107,101,2,101,9,111,124,88,107,101,72,88,107,88,107,111
"487",77,99,51,19,90,35,102,120,102,87,102,120,121,106,132,53,84,106,40,106,132,106,36,40,36,16,84,14,84,53,132,106,40,125,40,135,55,125,80,45,80,60,16,60,41,60,16,84,132,21,132,23,102,87,35,122,15,18,122,18,122,75,24,94,105,114,98,58,98,133,112,133,112,10,89,99,82,93,25,119,25,119,114,105,114,128,64,34,50,34,64,85,28,139,34,50,139,34,64,114
"488",77,133,112,98,77,109,77,109,42,87,102,23,95,23,95,106,39,120,102,23,35,87,97,102,87,102,97,73,108,12,108,96,121,96,127,53,84,36,106,132,16,84,132,106,121,12,121,14,84,14,121,106,120,106,36,106,36,106,36,84,14,84,53,84,48,136,47,21,132,21,132,41,60,41,60,16,60,16,127,53,127,136,118,47,21,106,21,106,121,96,121,96,121,12,108,12,108,102,23,120
"489",77,113,42,58,42,87,35,105,114,128,43,128,43,128,43,128,43,128,25,128,25,119,25,64,25,128,25,128,52,64,62,44,56,50,5,57,7,83,64,43,78,43,133,70,133,70,123,26,112,26,89,112,89,99,90,35,23,35,127,53,106,121,84,14,53,121,106,132,48,132,106,84,132,21,16,36,106,121,96,121,14,84,53,127,136,117,108,117,136,53,102,87,42,98,82,128,7,57,28,85
"490",77,98,77,109,97,42,98,77,82,99,87,102,97,102,23,39,23,102,120,121,14,84,132,35,132,106,121,120,23,120,23,95,23,127,53,108,12,108,127,121,120,23,95,35,15,62,15,62,99,51,56,93,99,90,99,90,15,56,50,34,64,52,128,82,64,85,28,139,34,116,124,72,124,116,34,50,56,83,64,83,1,34,64,114,105,58,105,57,17,57,8,95,122,18,44,56,64,7,4,7
"491",77,109,99,42,97,42,97,136,48,84,36,41,132,16,41,40,36,106,39,24,125,40,39,23,120,102,120,102,87,35,23,39,40,135,92,27,59,27,71,92,27,71,27,59,27,138,111,2,46,69,131,137,67,20,103,20,88,107,88,101,2,137,138,54,137,69,131,69,46,2,101,9,72,124,116,34,50,1,56,99,62,105,58,42,97,102,87,90,33,62,99,109,112,98,99,10,99,62,15,24
"492",77,98,43,91,6,78,6,134,74,134,22,65,3,65,3,65,119,81,37,81,37,81,37,6,129,6,22,65,119,65,3,65,3,22,74,134,3,65,3,37,81,37,81,37,81,25,119,25,54,138,2,46,69,46,69,46,69,138,69,54,81,6,91,6,37,81,37,69,137,138,2,27,138,54,69,131,137,101,137,101,72,88,107,88,72,101,9,111,9,85,9,27,92,105,15,105,98,133,112,89
"493",77,109,99,51,19,51,83,7,128,82,91,82,64,128,25,119,74,43,128,64,28,57,28,50,7,34,50,34,50,34,116,34,50,5,34,50,5,105,114,119,6,91,82,128,25,119,65,119,74,119,25,128,64,25,119,3,65,119,25,128,98,42,64,1,116,34,50,64,34,116,124,1,116,124,63,124,101,107,138,131,81,37,3,119,54,119,25,128,43,128,134,3,37,81,37,81,69,46,69,137
"494",77,58,105,90,127,136,48,21,132,21,127,136,97,42,117,127,48,35,90,42,118,136,97,87,117,48,53,84,48,53,14,84,14,84,14,108,96,12,121,106,23,95,8,4,100,57,28,64,98,77,98,77,98,77,98,99,62,90,99,98,114,74,114,11,114,128,82,128,43,98,128,43,91,6,91,103,43,64,128,82,99,109,77,98,77,98,109,19,51,83,56,93,56,50,5,17,100,94,24,75
"495",77,99,51,83,56,44,56,83,56,50,34,124,116,1,116,1,9,1,116,124,15,18,44,18,44,62,33,35,23,120,121,120,121,106,53,127,132,106,132,127,48,84,121,120,102,108,117,108,12,108,102,120,106,36,14,12,108,102,87,42,87,97,42,98,128,54,138,54,138,54,138,54,119,22,119,74,22,134,78,129,6,129,6,103,111,81,64,34,63,111,91,82,99,51,99,118,136,127,21,132
"496",77,42,136,58,42,136,117,127,136,48,40,125,29,8,32,8,125,94,125,24,75,24,75,122,75,24,94,24,39,95,24,125,55,71,59,82,128,81,3,65,22,65,3,65,22,119,74,128,25,128,43,78,43,128,43,128,64,34,64,34,116,124,72,101,72,101,124,111,103,20,81,69,46,137,131,69,131,69,137,69,131,67,137,131,69,131,69,137,46,69,131,69,54,69,137,46,69,137,131,137
"497",77,98,115,49,115,49,115,49,115,58,105,100,124,63,9,72,124,63,9,85,7,64,114,105,128,64,7,58,42,109,112,133,112,98,82,43,103,20,107,20,129,6,129,78,6,91,20,129,43,128,119,81,69,137,131,137,101,2,101,72,101,9,64,1,34,1,64,111,124,82,43,128,43,82,128,25,119,25,128,6,129,78,43,78,43,91,111,91,111,9,107,20,91,103,20,91,111,82,98,77
"498",77,42,97,117,118,105,71,105,58,42,98,77,112,109,113,30,49,79,13,76,38,31,79,76,79,76,130,104,31,79,76,38,76,38,126,66,86,66,61,66,61,66,126,66,61,66,86,66,61,30,68,30,113,30,113,30,113,30,113,61,104,68,113,68,30,68,30,61,38,126,61,38,126,38,110,38,76,38,130,38,126,66,61,66,126,61,66,61,66,61,66,61,31,66,61,66,61,66,61,113
"499",77,98,99,64,85,9,85,9,63,72,88,72,88,20,103,91,6,91,6,37,81,37,81,54,131,137,2,101,111,43,134,6,129,6,74,119,25,128,81,37,81,37,81,37,69,131,69,131,37,3,119,54,9,63,72,9,1,34,64,128,43,78,6,91,6,134,22,6,91,43,128,114,25,119,25,128,82,91,129,103,20,91,6,129,6,81,37,81,119,128,43,128,82,98,77,109,42,64,1,101
"500",77,98,99,90,62,44,15,62,18,55,45,29,45,80,29,80,60,41,16,41,60,36,41,36,106,84,53,106,121,106,36,41,36,106,132,23,120,23,120,102,108,97,87,109,98,42,118,42,109,99,90,87,42,98,128,43,128,82,128,25,128,43,128,6,25,128,43,128,82,128,25,67,88,101,137,67,6,128,25,128,43,74,134,22,74,6,37,6,129,78,129,6,129,6,129,6,91,103,129,103
"501",77,109,90,15,62,99,83,82,133,112,133,98,114,128,43,128,25,128,105,118,47,48,21,132,87,127,48,136,47,135,47,48,132,84,36,40,125,40,125,94,18,44,56,44,122,94,125,135,92,71,105,45,32,105,58,11,58,114,98,82,128,25,128,43,128,111,82,93,91,6,67,6,67,137,67,54,69,81,54,69,137,2,101,2,111,82,64,111,72,101,137,2,137,67,6,134,6,67,88,67
"502",77,109,77,112,98,77,98,42,97,42,87,97,87,35,23,106,121,14,12,108,12,108,12,121,106,132,21,132,106,135,40,125,40,60,45,80,60,16,60,41,16,21,132,42,58,42,87,97,127,53,84,14,12,108,102,108,12,108,96,121,120,121,127,132,106,121,96,121,96,121,120,96,121,12,108,12,121,96,117,118,47,136,47,136,47,21,106,36,40,125,8,29,80,41,45,80,45,29,8,4
"503",77,99,51,19,109,42,77,109,99,51,99,89,123,70,133,98,99,93,83,64,52,105,55,125,40,24,94,75,122,18,122,75,55,40,106,135,55,41,60,45,32,8,32,92,55,40,55,40,60,80,29,8,29,80,45,29,125,32,45,41,36,106,132,106,36,41,132,90,99,19,51,19,51,83,51,83,51,99,64,128,43,128,82,128,6,129,78,91,103,111,2,138,54,20,91,128,82,91,111,81
"504",77,109,112,133,112,133,112,133,112,133,70,123,26,123,70,123,70,123,26,89,10,51,56,44,18,15,56,83,1,116,124,1,124,116,124,1,124,101,2,124,116,124,72,88,107,111,2,9,1,82,111,63,124,116,63,116,63,9,101,46,101,72,63,139,116,56,44,56,99,112,133,112,133,70,123,70,123,26,89,26,123,70,112,133,123,70,123,70,112,10,19,99,62,15,33,99,82,99,77,98
"505",77,99,112,133,112,10,51,19,10,112,70,133,112,133,112,133,98,112,10,89,10,99,51,99,51,83,1,64,82,99,89,26,123,70,123,89,83,93,82,93,64,82,111,91,6,91,103,91,43,128,43,134,43,6,129,6,37,81,69,46,101,72,88,107,88,124,72,124,63,124,18,122,44,15,62,99,77,98,77,99,109,77,98,133,112,89,51,83,89,26,70,26,10,19,99,82,111,63,116,34
"506",77,98,77,42,87,42,115,30,113,77,105,15,56,44,62,15,122,95,24,125,94,125,100,17,100,8,4,28,4,8,4,100,8,4,28,5,18,44,18,95,23,120,102,35,23,87,102,35,102,120,106,36,84,14,121,106,95,8,4,100,4,100,28,4,8,95,127,35,90,15,62,33,62,15,93,56,93,56,44,62,44,62,33,62,33,35,90,99,62,15,93,64,93,64,1,64,34,1,64,128
"507",77,109,98,77,98,109,99,19,51,99,19,99,109,77,112,89,133,70,133,70,26,89,26,123,89,26,89,26,89,83,1,116,124,63,85,1,111,72,124,94,100,57,17,75,24,39,40,132,48,136,42,71,52,81,52,64,59,91,134,74,3,22,3,22,119,65,3,22,134,74,43,128,43,134,6,74,6,78,43,98,43,74,134,129,6,91,82,99,90,51,90,99,89,51,10,19,99,77,109,42
"508",77,98,77,109,77,113,61,86,61,30,68,30,31,66,61,31,126,86,61,31,66,61,38,76,130,38,110,38,86,38,130,38,86,38,130,76,38,76,38,31,38,126,38,130,38,126,38,76,79,13,76,79,13,79,104,68,79,49,31,61,66,61,38,130,38,76,38,76,79,31,66,31,61,38,86,38,76,13,31,79,130,38,86,38,76,79,13,31,49,30,68,30,61,66,61,66,61,66,61,38
"509",77,98,77,98,82,124,63,116,124,107,88,67,88,67,88,20,107,88,67,131,137,69,54,27,71,105,71,27,64,52,25,128,52,71,52,128,25,119,3,119,25,128,43,134,43,78,129,134,129,134,78,129,6,91,103,78,129,6,129,6,91,111,103,91,6,134,129,20,103,20,103,91,103,111,91,82,111,20,107,88,67,137,131,69,138,69,137,67,20,107,116,9,85,64,1,116,34,116,34,116
"510",77,113,77,98,64,9,101,137,46,69,131,69,131,69,54,59,27,54,81,119,6,129,6,81,37,6,129,67,137,131,69,131,69,131,137,67,137,67,137,2,101,72,88,67,88,107,88,107,2,101,2,138,137,101,9,101,9,85,28,139,64,128,25,119,22,134,74,128,25,54,119,54,27,64,139,7,50,64,25,128,64,52,128,114,74,128,25,119,22,134,43,78,134,78,43,134,43,64,93,56
"511",77,98,77,82,93,64,42,77,82,128,43,128,82,128,43,128,43,98,77,98,58,42,113,30,68,104,76,38,104,68,30,68,30,115,49,115,58,105,58,64,82,111,82,111,82,128,52,81,54,138,54,81,37,81,128,43,128,91,111,101,72,101,2,46,101,2,54,81,37,81,37,81,37,81,37,81,128,64,7,15,62,15,56,93,56,83,64,52,64,139,28,5,57,105,18,5,7,15,18,44
"512",77,98,133,70,123,70,133,70,133,70,123,70,123,70,123,89,51,83,7,139,64,34,116,124,116,34,64,52,64,81,37,81,6,129,52,81,54,67,6,134,43,78,43,78,91,103,43,128,43,91,111,64,1,124,63,34,50,5,50,64,7,28,64,58,7,62,44,18,122,95,122,95,35,33,19,99,90,105,32,8,80,45,29,32,45,29,80,60,80,29,32,105,114,25,128,114,128,25,119,54
"513",77,98,77,105,7,139,28,5,50,64,52,25,114,11,58,105,17,75,24,94,100,8,29,32,29,8,95,122,95,106,39,125,8,100,29,32,8,4,8,4,28,5,28,7,64,42,118,117,97,102,120,12,53,48,132,35,102,120,102,96,121,120,102,108,117,53,84,14,84,53,48,23,35,87,90,87,42,62,90,35,90,15,93,91,111,64,93,82,93,83,51,99,51,99,98,77,98,77,113,61
"514",77,98,42,118,42,118,105,114,105,71,105,17,55,125,40,125,39,24,95,122,95,122,55,125,40,55,32,8,100,94,125,32,29,125,94,100,57,124,116,1,64,28,5,105,58,42,105,90,35,75,95,35,95,75,122,33,35,33,62,15,7,57,7,139,116,124,111,64,83,51,10,19,33,62,15,62,64,1,64,52,25,128,43,64,128,25,119,37,138,137,131,37,81,37,81,37,3,22,134,22
"515",77,112,98,77,82,128,43,128,67,88,107,111,6,134,6,129,103,20,103,129,103,91,6,67,137,131,69,54,138,107,88,107,88,107,88,107,20,91,111,82,99,82,128,6,129,20,103,111,63,111,63,124,116,9,85,4,8,29,80,29,32,8,125,32,125,40,41,36,40,125,39,24,125,29,125,24,75,105,42,109,77,82,111,2,138,54,27,71,105,114,25,128,82,91,128,105,55,32,105,35
"516",77,109,42,113,30,49,115,98,109,99,51,19,90,99,10,112,26,89,112,133,112,133,112,109,51,89,10,26,89,112,10,99,51,89,26,123,70,123,26,112,133,112,133,70,123,70,133,70,123,70,133,112,109,19,51,83,64,1,124,116,1,9,85,28,139,116,1,124,1,124,116,1,124,1,64,93,82,128,43,134,78,43,74,114,98,82,99,82,111,91,6,134,78,134,22,119,74,119,128,6
"517",77,109,99,62,33,62,15,105,28,34,50,5,28,5,4,7,58,77,109,42,77,98,114,128,37,81,37,81,65,3,65,3,65,3,65,3,65,3,6,81,54,69,137,88,72,111,72,107,88,107,88,67,88,20,103,20,129,6,134,74,128,25,64,111,116,124,138,107,88,101,9,72,101,107,88,67,37,131,137,46,137,101,88,124,107,124,138,54,67,137,101,2,101,137,101,88,124,72,101,137
"518",77,109,113,30,68,30,61,30,113,30,68,30,115,30,115,49,115,58,42,77,98,99,42,109,19,10,19,99,51,19,33,35,33,35,102,96,120,23,120,23,35,62,44,122,35,127,48,53,127,96,12,108,117,136,97,42,109,51,19,51,19,109,99,62,122,18,5,57,28,57,5,28,100,17,105,55,71,27,2,101,88,67,88,67,129,20,129,6,134,129,103,6,22,3,119,65,3,119,128,114
"519",77,113,30,113,104,31,104,38,126,31,49,115,49,79,104,38,126,38,126,38,126,31,79,31,126,38,76,31,13,104,130,104,130,38,86,38,61,38,104,68,113,30,61,113,61,66,86,38,130,76,38,126,66,61,30,113,30,113,30,61,66,126,38,126,38,126,76,38,104,61,66,126,61,113,77,109,112,70,123,89,10,99,10,99,51,99,62,7,28,85,28,57,28,100,7,124,101,88,101,72
"520",77,98,77,98,42,97,42,127,48,47,136,127,136,48,127,42,87,97,30,104,38,76,126,61,66,31,104,13,79,31,79,76,130,38,130,76,79,115,49,115,98,77,19,99,109,10,19,10,99,19,51,99,62,44,62,51,56,93,64,128,91,111,64,25,119,22,74,3,65,3,65,3,6,78,91,6,129,103,91,6,74,43,129,6,134,6,111,64,50,34,64,128,82,128,43,128,91,111,91,134
"521",77,10,77,82,99,82,93,124,72,101,72,124,72,124,111,103,91,129,6,25,128,43,78,129,20,103,20,91,103,91,103,20,103,20,129,67,20,88,124,107,88,67,137,88,72,124,63,9,64,111,101,9,111,64,52,105,90,51,62,99,19,99,62,33,62,15,56,64,128,82,128,114,119,25,128,25,128,43,128,25,64,34,50,15,122,75,24,125,39,95,122,62,15,18,15,64,17,94,24,75
"522",77,109,87,35,33,35,87,35,95,122,95,122,75,95,122,105,32,17,55,45,55,45,32,105,40,125,24,95,90,109,112,70,133,98,77,98,112,77,98,77,98,128,6,129,6,67,20,103,6,25,128,43,134,22,65,3,22,134,74,43,128,114,119,22,65,3,65,3,65,3,22,74,119,81,128,25,119,25,81,37,81,69,46,69,46,137,101,9,1,116,124,111,64,114,119,25,128,52,81,52
"523",77,98,133,112,133,112,98,112,133,70,133,98,112,10,99,93,64,7,4,8,32,92,32,29,32,45,80,32,45,55,71,27,2,64,2,67,2,67,20,129,67,91,103,91,6,129,6,78,134,74,22,134,3,65,3,65,3,65,3,22,119,54,128,105,71,59,27,138,54,27,59,64,93,83,64,50,1,124,82,93,56,15,105,114,128,43,128,7,28,57,28,85,28,100,125,94,18,62,44,15
"524",77,109,98,112,89,83,89,83,56,62,7,15,105,114,74,22,134,78,6,134,6,134,128,43,82,111,72,63,116,56,93,116,124,1,64,34,1,116,1,116,34,64,81,6,91,6,67,6,111,91,103,91,6,128,114,11,114,58,77,98,133,112,133,98,112,70,26,123,70,133,112,133,98,77,113,68,30,68,30,113,30,115,105,114,64,7,15,35,87,97,42,90,95,35,90,51,33,35,33,62
"525",77,98,77,98,133,43,128,25,128,43,134,74,134,74,134,6,25,128,114,25,128,134,6,103,78,134,128,114,105,15,33,62,18,17,5,28,5,50,34,64,58,42,87,102,23,39,95,106,40,39,125,8,29,8,100,57,5,100,94,24,94,100,28,57,17,105,11,58,105,15,105,45,80,8,29,80,125,100,4,8,32,8,29,80,45,29,8,4,7,15,62,90,99,51,83,89,26,89,123,70
"526",77,43,128,64,27,59,139,34,116,34,124,116,1,9,63,9,111,72,101,72,63,9,111,1,116,124,28,85,64,93,56,93,91,111,103,129,43,128,114,128,25,6,134,6,129,20,129,6,81,6,129,6,129,20,129,6,129,91,111,72,124,116,63,72,101,2,138,69,46,101,9,64,7,105,92,135,41,36,106,39,125,40,60,41,36,84,53,121,96,121,120,12,53,127,21,132,16,36,41,80
"527",77,99,62,99,62,15,50,34,71,92,135,106,36,40,36,41,36,106,121,106,95,75,24,94,75,24,39,106,40,135,75,24,94,18,44,18,62,33,62,33,75,17,57,28,139,28,105,64,1,116,124,63,116,124,72,101,124,111,72,107,20,67,20,103,111,81,103,129,6,37,81,37,81,6,134,6,74,43,134,22,65,119,37,81,37,67,37,81,37,81,6,129,103,20,107,20,107,124,72,88
"528",77,113,30,113,109,113,30,68,113,61,104,68,30,68,30,115,77,109,112,133,70,123,70,123,70,133,112,10,112,133,70,123,26,10,89,10,26,123,26,123,26,89,10,99,19,99,44,15,7,62,15,100,4,8,29,45,80,60,40,60,41,132,16,132,106,132,106,21,127,136,117,53,127,42,105,98,77,109,99,77,98,112,133,70,123,26,89,26,123,70,133,112,133,112,133,89,83,111,63,9
"529",77,109,42,118,105,5,57,28,7,139,7,15,105,18,5,28,139,116,139,34,116,34,50,34,1,116,124,107,20,103,91,43,134,43,78,6,129,67,37,67,52,105,90,35,90,87,42,109,19,51,99,19,99,82,91,111,64,124,63,124,116,124,116,34,64,34,64,52,128,82,128,6,128,59,27,55,71,27,105,32,45,32,29,45,80,29,125,8,32,45,29,32,105,18,44,18,105,17,75,18
"530",77,10,89,112,99,82,93,56,116,124,63,72,124,63,34,64,34,28,139,116,124,5,34,1,124,107,101,72,88,107,101,9,64,111,64,85,9,111,9,85,9,63,124,116,1,124,116,1,124,107,88,101,72,88,107,20,88,107,20,107,88,107,124,72,63,72,111,124,111,81,52,25,119,25,119,25,20,67,129,78,43,128,111,64,42,115,98,112,10,112,133,112,133,112,109,77,113,30,113,58
"531",77,113,30,68,30,61,113,61,104,130,38,130,104,79,76,130,104,38,86,110,86,61,126,66,86,38,126,38,104,13,76,13,79,31,79,49,115,49,115,58,136,118,42,127,136,117,48,136,97,53,84,16,41,36,84,132,21,132,106,21,16,41,16,41,60,41,80,60,41,132,21,47,118,42,99,56,15,98,114,119,65,3,22,134,128,52,64,83,51,99,93,91,103,20,88,72,124,107,124,93
"532",77,98,133,70,123,70,123,26,89,123,26,123,70,123,70,123,26,89,26,89,26,123,70,123,70,133,98,112,133,112,89,123,26,89,10,89,26,123,70,133,112,109,112,133,98,112,10,89,51,83,59,83,89,83,64,1,116,34,1,50,124,107,88,72,101,2,137,67,20,88,54,119,25,128,25,128,52,64,1,50,64,15,90,87,102,87,42,98,42,64,50,5,7,105,7,105,17,18,44,15
"533",77,58,7,64,93,56,116,124,107,20,107,1,56,116,139,116,1,9,2,101,124,1,34,64,1,64,15,7,28,85,64,128,98,42,115,30,113,115,58,42,87,97,53,127,48,127,48,136,42,109,19,10,99,62,90,87,42,109,99,51,99,19,99,64,114,98,128,134,6,128,25,119,114,11,105,15,64,128,64,99,42,97,87,97,42,118,47,136,47,21,48,47,21,36,40,132,106,127,53,127
"534",77,109,87,42,77,98,133,70,123,70,123,26,123,26,123,70,133,98,77,109,97,127,84,127,42,105,114,11,114,74,22,119,22,65,3,65,22,3,65,3,37,81,54,81,20,129,20,67,54,119,74,134,128,25,134,6,67,88,54,9,63,9,64,139,116,124,101,2,101,137,131,69,46,69,138,137,101,107,88,72,124,107,124,111,63,116,124,50,34,50,5,18,105,17,75,95,75,55,125,40
"535",77,112,70,133,70,133,70,133,82,64,4,28,85,28,7,139,28,5,50,5,50,5,57,100,4,100,32,7,57,5,50,5,50,56,50,34,116,1,124,116,1,34,64,1,64,1,124,72,63,116,139,64,1,111,72,101,2,27,138,2,101,137,131,69,138,67,20,129,103,78,43,98,58,7,58,77,113,61,126,66,61,104,79,31,66,126,38,76,38,130,76,13,79,31,79,49,115,98,99,56
"536",77,98,77,99,112,133,98,99,51,89,26,89,112,98,77,105,42,98,42,87,102,97,117,42,58,42,118,42,58,98,77,99,51,90,105,28,139,85,63,124,107,111,81,54,81,119,22,119,25,128,64,42,109,42,87,102,53,121,120,121,96,121,120,121,120,121,12,108,12,121,120,23,35,127,40,125,24,75,24,40,39,24,75,122,95,122,95,122,95,106,36,84,14,121,120,121,120,102,87,109
"537",77,113,30,61,66,61,66,61,113,61,76,79,31,126,31,104,31,104,31,66,61,66,31,38,76,38,130,38,86,61,30,61,66,126,31,61,31,49,79,31,13,79,31,13,79,104,79,31,13,31,104,73,87,97,117,118,42,118,47,21,16,21,132,21,132,16,41,36,84,36,41,16,132,21,132,106,23,95,35,15,62,44,18,122,75,105,55,135,92,105,58,113,58,42,77,98,112,98,77,98
"538",77,98,112,133,70,133,70,123,70,133,70,123,26,123,26,70,123,26,123,70,123,89,10,89,51,99,62,44,56,62,15,90,109,99,19,99,56,83,1,64,114,74,114,128,25,74,114,74,134,3,22,74,119,37,81,111,20,107,111,128,119,3,65,3,65,3,65,22,134,6,128,25,119,74,119,25,119,54,81,37,81,37,81,64,83,111,124,111,82,99,109,99,62,15,105,57,17,57,100,57
"539",77,98,99,90,105,17,57,5,7,128,43,128,119,81,128,43,98,42,99,82,91,6,91,6,128,43,74,134,43,128,43,128,43,128,82,93,64,15,33,35,95,75,35,75,35,90,62,33,62,18,122,95,135,47,136,47,21,132,84,121,96,102,87,102,97,42,99,51,56,93,7,15,7,42,109,87,127,35,122,62,18,122,75,18,75,105,92,105,58,42,118,136,97,117,136,42,87,42,97,87
"540",77,109,112,70,26,89,26,123,26,123,70,133,112,109,112,99,10,112,133,98,43,93,99,89,26,89,10,89,99,90,35,33,15,44,56,124,88,107,124,1,83,56,15,33,122,75,95,122,15,18,44,56,93,99,109,97,117,108,73,102,120,102,96,121,120,102,120,121,96,121,96,108,12,53,48,132,127,23,120,102,120,23,106,84,132,84,36,41,60,36,40,135,92,135,47,135,21,132,21,47
"541",77,109,42,98,133,98,112,89,83,51,19,51,83,56,44,56,93,15,7,139,71,105,32,8,32,55,135,92,27,71,55,45,60,41,36,60,16,41,60,41,40,36,40,41,36,84,121,106,132,84,36,41,16,60,80,29,80,60,16,41,60,41,45,80,29,100,4,100,94,24,40,24,75,122,95,122,95,23,35,90,35,33,62,44,56,44,18,94,125,40,135,92,27,54,138,137,2,111,101,2
"542",77,109,19,109,19,99,10,99,93,1,124,116,85,64,93,64,7,4,7,5,105,42,58,105,18,122,18,44,62,15,62,99,112,109,112,89,109,98,77,98,43,98,70,133,70,133,98,77,98,42,97,42,98,77,99,109,42,109,77,109,87,102,120,121,120,23,95,75,62,33,35,90,62,15,64,52,7,128,81,128,43,128,52,128,93,56,93,82,99,51,99,90,105,15,62,99,109,42,136,47
"543",77,98,99,51,83,89,109,19,99,90,15,64,1,64,111,124,88,107,88,72,101,72,9,101,72,111,64,1,107,124,101,137,101,72,101,2,9,85,50,63,116,124,63,124,107,124,101,2,138,67,6,134,22,74,134,6,129,6,81,91,64,105,92,55,40,24,94,100,57,4,17,100,94,64,128,6,129,103,129,78,91,6,111,91,82,128,43,128,25,128,111,91,111,82,93,99,10,99,51,83
"544",77,109,112,109,19,99,51,99,56,99,51,99,42,7,114,74,22,3,22,134,6,37,54,69,46,69,131,37,81,37,81,6,119,25,52,128,25,128,64,15,62,51,99,10,19,109,112,26,89,123,70,123,70,133,112,98,58,42,87,90,87,97,87,90,99,19,51,19,51,10,112,98,58,11,58,105,57,100,105,71,27,71,105,55,40,125,24,40,135,40,60,41,80,45,80,60,45,40,45,55
"545",77,98,99,51,99,82,64,52,64,93,15,64,1,116,34,116,1,124,1,107,88,107,20,129,25,128,25,52,7,5,17,105,55,15,50,64,59,27,71,92,105,17,44,56,50,1,124,7,28,5,18,15,7,15,62,51,99,51,99,109,112,133,70,133,112,89,123,26,123,70,123,70,123,70,133,98,99,90,99,51,99,109,112,89,112,133,70,133,112,133,70,123,70,123,70,112,89,26,10,112
"546",77,98,109,77,109,112,26,89,26,123,70,123,70,123,70,133,128,25,119,54,138,124,82,111,124,88,137,2,111,63,139,105,42,87,90,105,90,99,77,98,77,113,58,7,90,7,4,8,4,7,58,42,58,105,92,135,55,45,32,8,24,94,18,15,7,50,5,50,34,64,52,64,1,124,107,20,67,20,91,6,111,91,81,37,81,37,81,37,6,81,37,81,119,25,119,74,134,74,119,65
"547",77,109,99,15,18,75,24,95,132,21,16,60,80,60,80,41,36,106,121,120,121,106,132,106,132,95,132,40,36,84,14,106,121,12,53,136,48,53,12,121,106,84,36,106,36,106,132,16,60,41,80,29,8,4,7,28,5,7,64,9,101,72,101,137,101,124,1,63,116,124,111,6,91,103,111,82,91,78,43,134,78,43,74,134,6,91,20,88,101,107,88,107,124,116,1,111,82,64,139,28
"548",77,109,98,109,77,58,42,98,77,98,77,112,98,133,112,109,42,87,102,97,102,87,97,42,105,122,95,35,23,120,121,120,106,95,23,106,40,41,16,41,45,105,58,77,82,91,111,20,129,6,91,6,129,91,111,2,67,138,54,119,22,3,65,22,74,114,64,82,93,99,51,99,93,124,57,100,17,94,100,8,4,28,85,7,50,124,1,34,116,124,107,111,82,98,112,70,133,70,133,112
"549",77,109,99,10,89,83,1,34,116,5,17,105,18,5,28,5,28,7,28,4,8,125,39,95,35,95,8,4,100,17,105,17,18,105,55,105,55,17,105,100,94,125,24,39,23,120,23,95,122,15,7,64,1,50,5,64,116,107,88,107,124,2,46,2,67,137,131,69,131,69,131,69,131,37,81,37,81,6,67,6,129,6,129,20,111,72,124,72,124,116,124,101,111,124,72,124,82,99,109,42
"550",77,109,90,15,90,105,52,105,100,8,4,32,29,80,60,41,80,45,32,29,125,40,39,125,80,29,32,45,80,45,40,41,40,125,24,75,62,33,15,18,122,95,122,95,23,120,102,73,108,12,14,12,14,84,53,132,41,36,60,16,41,16,60,80,45,55,32,45,80,60,41,132,48,47,135,40,135,40,125,8,29,8,32,17,116,64,139,85,28,64,34,139,63,9,116,34,28,139,7,4
"551",77,98,77,98,77,109,77,109,112,133,112,133,112,26,89,99,109,99,64,17,18,5,18,44,18,44,122,75,95,75,35,33,62,33,62,33,15,62,35,75,24,75,122,35,95,122,17,135,21,132,84,36,41,60,80,45,41,16,132,106,121,84,14,53,121,106,132,21,132,106,39,24,39,24,39,24,39,24,125,24,75,122,95,24,94,122,95,122,75,122,100,28,7,17,57,8,55,135,40,135
"552",77,98,112,70,133,112,133,112,109,112,133,112,133,98,82,64,15,64,7,64,111,6,78,6,22,119,22,119,81,91,111,20,67,20,103,107,88,101,88,67,137,131,37,81,119,25,128,25,52,105,58,42,109,87,99,109,77,109,19,77,98,109,77,99,90,87,90,99,51,19,10,89,26,89,26,123,70,123,26,89,123,70,133,123,26,123,26,89,10,89,112,10,99,42,87,102,120,121,96,12
"553",77,98,93,64,62,33,19,99,77,109,77,109,77,109,90,35,33,62,99,51,56,44,62,90,35,75,95,75,95,132,21,47,135,75,24,75,18,122,18,15,50,34,1,64,9,63,116,124,116,34,50,34,64,50,15,18,105,92,105,15,7,4,8,32,45,80,45,29,80,60,36,40,41,60,80,29,32,45,80,45,32,8,29,125,39,24,75,35,90,99,82,99,51,90,99,42,87,35,75,122
"554",77,98,42,105,135,40,125,55,17,75,94,100,4,85,28,64,15,18,44,56,64,1,64,118,105,32,29,125,24,39,40,55,71,27,138,59,64,111,91,43,78,129,6,129,67,137,101,46,69,137,69,131,69,131,69,46,69,137,2,101,137,67,137,131,69,131,69,54,119,25,128,114,64,114,74,119,22,65,3,65,3,65,3,74,114,128,114,105,118,105,45,80,45,80,45,32,29,80,45,55
"555",77,112,98,77,109,19,99,51,19,99,10,99,51,99,62,33,35,23,35,90,55,17,57,28,100,28,5,100,94,100,28,7,50,34,116,1,34,64,15,18,15,44,62,18,44,18,44,17,5,50,64,52,128,52,64,25,119,74,119,74,119,54,138,124,63,124,107,88,107,20,107,88,107,88,107,88,107,124,1,64,82,99,87,109,98,77,98,77,98,99,77,98,77,98,133,70,133,70,133,112
"556",77,109,99,109,90,77,98,133,112,133,70,123,26,10,19,33,35,75,35,33,90,64,98,112,70,133,70,123,70,123,70,123,70,123,70,123,70,133,123,70,133,112,10,99,82,99,90,105,90,109,90,132,127,135,40,36,84,14,121,96,121,120,121,120,121,96,121,106,40,125,8,4,28,85,9,64,34,116,85,9,1,64,99,89,10,99,90,35,122,95,75,94,125,8,4,85,64,52,64,28
"557",77,109,42,87,102,73,97,42,97,87,97,42,109,99,109,42,118,42,64,56,15,33,35,127,48,132,21,132,106,121,12,108,96,121,12,108,97,42,58,42,87,42,87,90,109,90,105,58,42,118,136,47,136,117,108,96,121,120,102,23,120,106,39,23,39,24,125,94,75,94,24,125,40,106,40,60,16,41,16,132,21,47,48,84,36,106,135,55,32,55,27,59,52,64,1,64,111,91,78,43
"558",77,98,133,112,133,70,123,70,133,112,70,123,70,133,70,133,98,133,112,10,112,109,99,19,10,99,10,99,90,105,77,109,77,109,19,99,93,99,90,99,90,62,44,18,62,122,95,8,125,40,125,40,39,24,39,24,40,125,55,40,125,94,24,40,106,95,132,21,132,106,95,106,39,125,40,132,84,53,117,136,117,108,12,53,127,136,97,42,136,127,136,48,136,117,12,108,12,121,120,121
"559",77,99,82,91,82,111,64,52,64,59,71,105,55,105,92,105,15,33,15,7,58,7,4,7,85,9,2,64,9,1,9,85,28,5,50,64,2,137,131,137,2,67,54,69,131,137,67,88,107,124,1,64,58,105,100,125,8,125,40,135,55,45,29,32,45,29,32,45,80,29,45,29,45,40,135,127,35,95,23,35,127,53,48,53,84,132,106,39,24,94,75,24,39,106,36,84,36,106,21,106
"560",77,99,51,19,99,15,33,122,35,95,24,125,94,24,39,95,23,102,96,121,96,12,108,97,87,42,87,97,102,120,102,120,102,87,97,58,115,49,79,31,76,38,31,66,61,66,61,38,86,61,113,30,68,30,61,30,113,30,61,66,126,38,86,126,38,76,130,38,79,76,38,76,38,126,66,61,66,61,31,49,115,49,31,61,104,38,130,76,38,86,66,86,66,61,104,68,104,61,30,68
"561",77,109,77,109,112,133,98,115,30,61,30,115,30,61,30,68,79,49,13,31,66,61,31,79,13,79,104,49,115,30,113,30,61,113,30,115,49,115,7,100,94,24,125,40,106,36,41,16,84,121,120,23,120,102,120,102,97,87,15,33,62,51,90,35,90,19,109,42,98,112,98,77,98,133,112,133,70,123,26,123,89,10,99,89,99,133,112,10,99,62,99,62,105,94,122,75,35,90,15,8
"562",77,109,99,15,105,15,18,75,33,62,90,19,109,112,109,87,42,118,7,64,85,9,64,34,63,1,111,82,64,59,27,2,101,9,64,1,111,81,52,64,116,34,50,34,116,107,88,20,107,20,91,129,20,88,72,9,93,82,93,82,111,63,116,63,124,111,64,93,43,128,85,28,85,9,1,83,51,90,99,51,19,51,19,90,51,99,93,82,99,10,99,93,7,4,100,4,8,32,8,4
"563",77,112,133,98,112,133,112,26,123,26,123,70,123,26,123,70,123,70,133,112,109,99,93,64,52,128,25,105,35,90,19,90,15,64,28,85,64,99,83,56,15,62,44,62,51,19,51,99,51,10,19,109,112,70,112,98,112,133,112,99,77,98,82,93,83,51,99,82,43,128,25,128,25,6,111,82,111,82,93,64,93,56,64,72,111,124,88,107,124,111,63,124,57,4,8,125,40,36,60,36
"564",77,98,114,128,81,119,22,65,119,81,37,81,37,25,128,25,64,93,64,1,116,124,88,124,1,64,1,9,63,111,9,101,137,88,107,101,107,124,1,50,34,116,1,63,85,63,9,101,72,63,116,1,124,94,100,122,15,56,15,7,52,67,138,54,138,2,111,20,129,6,81,37,81,6,129,6,91,88,107,124,72,9,64,111,101,9,139,28,85,9,124,116,124,105,58,42,105,15,90,19
"565",77,82,99,62,15,62,33,62,33,62,44,18,94,100,4,8,29,8,4,57,17,105,118,42,87,102,117,108,117,108,73,97,127,90,105,17,55,45,29,80,29,32,29,80,29,8,4,100,57,100,8,4,7,99,82,99,82,93,56,59,27,71,92,105,133,112,133,98,128,119,25,128,43,82,111,83,89,10,89,10,89,123,70,123,70,123,70,133,98,77,98,77,112,89,26,112,133,70,123,70
"566",77,105,71,27,55,32,45,29,80,45,32,45,80,41,60,40,45,32,90,105,90,15,50,15,17,7,17,5,28,85,139,64,52,71,105,7,93,64,99,51,90,99,19,51,99,90,15,105,115,58,105,32,29,32,29,125,40,125,94,24,94,100,57,4,32,8,32,8,100,4,8,100,125,40,60,80,45,55,45,60,41,80,60,41,60,16,41,80,41,21,132,106,23,95,23,95,8,95,75,122
"567",77,98,82,111,103,111,64,34,116,1,34,64,83,56,83,89,10,89,51,19,109,19,99,64,50,34,5,28,57,32,45,55,105,11,114,128,81,128,82,111,103,20,129,6,91,103,20,103,20,91,43,78,43,128,74,134,78,103,91,128,91,43,128,134,74,134,43,74,3,22,119,22,3,65,119,22,119,25,119,81,37,131,69,137,101,46,137,69,81,69,137,67,129,78,6,129,6,81,128,6
"568",77,109,99,93,15,18,5,50,34,116,63,124,107,1,83,89,83,111,91,20,9,111,63,111,9,101,9,101,9,111,82,124,116,124,72,124,1,34,50,64,1,116,1,124,64,93,82,99,112,70,133,112,10,89,10,19,33,62,99,83,51,99,87,127,117,118,42,118,136,48,21,132,21,132,21,47,48,40,36,84,53,132,95,75,122,95,75,24,75,24,75,35,122,95,35,75,18,75,122,95
"569",77,58,98,133,82,93,15,44,18,15,44,62,90,35,95,122,62,18,44,56,99,42,87,23,39,95,75,24,75,17,7,57,100,57,28,139,9,27,92,27,138,27,59,27,71,27,71,27,59,27,64,90,135,40,36,84,53,14,84,14,53,48,53,117,53,117,136,117,136,48,127,117,108,12,108,73,102,87,42,99,93,56,93,15,105,32,105,71,27,71,64,52,64,59,64,1,9,63,101,107
"570",77,99,62,44,56,99,51,19,10,89,26,123,26,89,10,19,10,99,62,51,99,89,51,99,42,97,87,90,105,92,105,55,40,125,24,75,18,95,75,122,105,77,98,128,82,99,93,64,99,90,35,90,99,51,56,15,56,93,64,27,55,17,100,94,75,95,122,18,15,18,75,24,94,24,94,125,8,29,80,45,32,57,17,18,44,18,44,15,62,15,64,114,128,25,134,43,128,25,134,22
"571",77,105,18,15,62,15,50,34,116,139,28,85,139,34,116,124,101,2,138,69,131,137,69,138,54,25,119,74,6,129,6,81,119,65,3,37,81,119,74,119,74,22,6,91,103,111,91,20,88,101,2,101,88,101,72,9,101,124,107,20,107,101,72,88,124,63,9,1,116,1,116,139,85,139,28,85,64,50,1,64,93,64,1,124,111,72,88,67,37,81,103,20,107,124,107,101,72,124,34,116
"572",77,109,99,64,52,64,50,64,1,64,59,138,54,138,137,138,54,67,88,20,107,124,85,1,64,25,128,25,128,82,128,25,128,81,37,131,137,69,46,69,138,54,124,88,107,1,124,116,1,116,1,9,27,138,54,81,64,43,129,20,103,81,6,78,129,6,74,134,74,22,74,134,78,43,128,64,34,116,1,93,82,128,64,111,64,128,25,128,43,78,91,111,63,139,28,85,9,1,124,88
"573",77,115,30,68,30,68,30,61,38,76,38,130,110,38,86,110,38,86,66,86,38,130,38,86,38,130,110,86,61,104,73,102,87,42,58,11,114,3,22,119,22,6,129,6,91,6,119,25,6,129,78,129,6,129,20,107,138,27,59,27,71,59,64,9,20,103,20,103,91,111,20,91,20,107,124,116,1,9,27,59,54,27,59,27,138,67,138,67,88,72,101,107,88,72,101,9,111,124,107,124
"574",77,113,30,61,113,61,113,68,30,113,61,66,126,38,130,104,61,86,61,30,113,30,113,30,68,30,68,30,113,97,87,42,97,113,61,66,86,38,126,38,76,130,104,13,76,79,31,76,38,104,73,108,12,121,96,121,96,121,106,121,96,108,73,102,87,102,87,42,97,127,136,127,136,47,136,47,118,136,127,48,127,21,132,21,48,127,132,21,127,106,135,55,135,21,132,42,118,47,118,47
"575",77,98,93,99,51,89,123,70,133,112,133,82,93,15,7,58,105,58,77,98,112,133,112,10,99,83,59,27,2,37,6,119,54,138,67,88,20,88,72,9,64,28,57,17,75,24,94,24,8,125,100,94,24,94,24,15,62,15,62,33,62,15,44,15,62,44,18,122,44,56,44,62,51,99,118,42,87,42,98,58,115,113,30,61,126,76,38,86,38,61,66,61,113,61,104,130,104,79,76,38
"576",77,109,10,89,99,109,99,93,99,62,15,33,35,102,23,120,106,36,40,24,39,125,100,4,8,32,45,80,29,125,40,135,55,92,135,40,41,60,36,16,132,21,127,87,102,120,102,120,121,120,121,96,121,106,95,24,39,24,75,135,40,135,47,118,42,118,47,135,95,35,95,23,95,122,75,90,19,109,98,99,51,99,62,51,99,62,99,90,51,83,56,93,64,111,91,6,129,91,20,88
"577",77,109,90,99,109,90,62,15,44,15,62,51,99,51,19,109,112,99,15,18,55,27,54,138,54,81,37,81,37,81,37,81,6,78,43,74,119,25,128,114,128,7,64,139,7,62,15,62,33,62,99,56,83,51,56,50,64,59,27,138,54,138,59,27,71,27,92,32,4,8,32,45,55,71,105,92,135,125,40,125,8,100,125,80,60,36,84,53,84,14,84,14,84,48,21,127,132,106,121,106
"578",77,58,113,61,30,113,109,77,98,112,133,70,123,26,89,123,70,133,98,77,58,11,114,11,58,11,58,42,108,73,108,73,87,35,95,122,105,114,25,128,43,134,91,6,37,81,37,81,119,25,128,25,128,134,74,114,128,64,1,9,72,101,67,20,91,111,9,63,124,116,34,64,15,7,64,56,93,82,111,9,85,28,100,105,114,11,105,17,55,45,29,8,100,105,122,21,132,16,60,36
"579",77,109,42,97,102,35,90,109,77,42,58,42,71,27,54,138,27,92,55,105,15,7,28,34,139,85,9,85,139,85,64,50,64,50,94,24,94,18,15,56,50,64,2,64,1,116,1,124,116,139,28,85,4,8,4,100,57,5,7,42,118,117,12,53,84,36,84,48,21,55,92,105,90,35,23,120,121,53,117,108,12,108,102,87,97,42,136,117,102,120,23,102,120,23,95,90,15,18,94,125
"580",77,98,99,93,82,124,116,63,124,1,83,56,44,18,5,7,28,139,105,32,29,45,29,45,8,4,8,125,24,75,122,75,55,135,47,135,106,36,60,41,40,36,16,41,40,125,40,36,106,39,95,35,75,24,39,95,75,18,34,1,56,15,7,28,85,116,1,83,56,44,122,75,24,75,24,94,15,93,99,62,33,35,122,18,75,24,94,24,94,24,94,24,94,18,122,44,51,99,62,99
"581",77,98,112,99,109,42,118,47,136,48,53,136,97,127,53,106,14,84,106,121,120,102,120,23,132,36,84,36,41,80,29,125,29,45,80,135,92,105,122,94,24,75,122,75,35,95,24,75,35,90,35,105,62,33,35,33,62,105,52,81,37,131,69,137,67,6,129,67,137,46,69,131,69,131,69,137,2,9,101,88,101,9,2,137,67,6,129,20,129,67,129,6,67,129,6,134,22,119,54,69
"582",77,112,133,112,77,58,98,77,99,62,15,18,122,75,62,90,109,112,133,70,133,70,123,70,133,70,133,98,77,98,43,64,28,7,64,25,119,54,138,54,138,54,81,37,138,107,88,107,88,101,124,63,34,116,34,50,56,93,64,1,124,101,88,67,88,107,20,129,6,91,20,103,6,81,6,129,6,67,54,81,69,46,69,137,46,69,131,69,137,69,137,101,72,124,1,50,64,28,64,93
"583",77,98,77,82,128,25,114,74,119,25,129,78,103,20,103,6,78,134,129,20,88,124,116,1,64,93,91,93,82,128,114,128,114,25,119,74,22,134,74,119,74,119,25,128,43,128,82,128,74,134,78,134,78,134,74,43,78,129,6,37,54,119,74,22,119,25,119,25,128,6,128,25,64,52,25,119,25,128,64,1,50,7,87,109,10,19,10,89,10,89,26,123,70,112,133,70,123,26,70,123
"584",77,109,19,109,10,89,83,7,17,18,15,62,105,99,90,105,71,105,71,92,55,27,54,138,137,2,124,116,1,124,9,85,64,34,116,34,64,93,83,51,99,56,83,51,90,62,15,44,18,75,17,55,40,24,125,40,39,24,39,95,8,4,7,33,19,109,112,10,89,26,89,10,89,51,10,89,10,19,51,99,56,50,34,63,124,72,101,88,101,9,63,124,88,67,137,2,101,1,9,101
"585",77,113,30,61,31,126,31,126,66,126,38,130,38,86,38,110,86,38,76,79,31,126,38,130,76,126,38,61,86,38,130,38,76,126,86,66,61,104,31,79,13,104,38,126,38,126,38,86,38,86,66,126,38,76,79,31,66,126,38,61,30,61,30,113,61,66,126,38,61,113,42,113,61,73,108,117,127,132,95,132,84,36,84,36,41,135,17,105,18,122,15,44,99,62,99,64,34,64,15,44
"586",77,98,99,90,109,42,136,117,108,12,108,97,102,120,106,132,16,21,106,21,132,21,132,21,132,106,121,96,121,12,121,106,40,36,40,125,40,125,80,45,80,125,55,71,27,138,54,27,59,27,59,64,83,1,116,63,111,91,128,64,9,101,9,63,124,138,59,34,116,124,111,101,9,63,116,124,107,20,107,20,107,124,101,107,88,107,1,124,63,116,34,64,2,9,101,46,101,107,138,54
"587",77,99,51,56,62,15,99,90,35,23,120,102,120,121,106,21,47,118,136,47,118,47,135,55,125,80,45,32,17,57,28,34,63,111,91,6,81,37,81,119,81,54,138,37,81,37,81,128,25,128,43,128,25,6,129,134,22,134,74,119,54,138,54,138,54,138,69,131,69,131,69,46,2,101,9,63,111,64,28,7,90,105,92,135,21,127,136,53,48,53,106,95,122,18,44,18,44,56,93,64
"588",77,109,99,51,83,64,116,56,15,50,34,50,34,50,64,52,114,98,58,115,49,115,49,113,61,113,30,61,113,30,113,61,66,31,61,30,113,61,30,61,13,38,76,126,38,86,38,126,66,86,38,76,130,104,61,104,31,61,31,13,79,104,61,66,61,30,113,61,66,61,38,61,38,76,38,31,61,31,79,13,104,79,13,31,49,79,13,76,130,104,68,113,97,113,30,61,66,86,126,76
"589",77,109,19,10,99,62,15,64,1,64,82,91,6,91,128,82,128,25,128,52,64,7,15,62,15,90,19,99,118,47,136,117,42,58,105,18,17,135,41,80,45,32,8,4,57,5,28,5,50,7,139,28,85,139,34,116,124,116,124,107,101,2,138,54,137,54,69,81,54,59,64,7,28,139,34,116,139,28,57,17,105,55,105,8,32,8,32,29,45,80,60,36,106,95,122,18,44,62,15,90
"590",77,98,77,98,128,74,25,134,128,43,98,77,98,77,113,30,113,30,68,104,130,38,86,38,76,130,38,86,38,76,61,66,61,113,97,108,12,14,84,121,106,135,55,105,90,105,71,59,27,59,9,101,111,101,137,2,27,71,59,71,27,71,27,71,27,138,37,81,37,67,6,37,81,37,25,64,111,82,91,111,72,9,101,2,137,46,69,138,54,81,111,138,54,138,54,138,54,138,67,2
"591",77,98,42,105,71,27,92,105,77,109,77,113,30,31,13,79,104,30,115,42,58,105,15,44,15,18,122,18,5,28,5,100,17,105,75,95,106,39,125,8,100,17,105,55,92,55,92,105,55,135,106,36,41,36,106,121,106,21,106,23,120,121,96,121,106,132,23,39,24,94,24,75,24,94,24,75,62,33,62,33,62,105,17,18,15,62,33,62,90,15,44,18,15,122,75,18,94,24,75,122
"592",77,42,77,98,99,51,19,90,105,18,44,56,83,1,116,63,124,1,50,56,99,10,112,133,112,10,99,51,109,77,113,61,113,109,113,104,38,86,38,126,31,13,76,38,86,126,38,126,38,126,31,126,66,126,31,79,31,104,130,104,13,31,79,104,30,104,79,31,13,79,104,30,68,30,113,30,104,38,110,130,104,38,86,38,130,76,130,76,38,76,31,104,13,79,31,13,31,13,79,104
"593",77,105,35,75,95,122,75,122,18,122,95,75,24,75,122,75,24,94,105,15,105,100,4,8,125,24,39,24,94,24,39,95,122,75,24,94,8,29,8,125,8,122,75,18,15,62,15,56,15,122,95,75,35,122,75,122,95,23,95,23,102,23,35,95,122,75,24,75,24,75,95,122,15,62,51,62,15,62,33,15,64,52,118,136,47,136,42,87,42,105,32,8,100,105,11,58,105,15,62,33
"594",77,43,6,91,103,78,129,6,91,128,25,128,81,37,81,37,81,111,6,129,6,129,6,128,25,128,25,128,25,128,25,52,64,7,28,64,93,64,139,28,7,85,9,2,101,107,1,50,56,83,51,99,77,98,82,77,58,42,98,99,10,112,133,112,89,123,70,123,70,133,112,133,112,98,43,74,22,119,74,43,91,6,134,6,22,65,3,65,3,65,119,25,52,7,28,34,1,124,116,124
"595",77,10,26,123,26,89,51,62,99,98,112,133,70,123,70,123,70,123,89,26,10,99,51,10,89,10,26,123,70,123,89,10,89,26,123,89,112,98,128,25,114,11,114,105,71,55,105,114,105,114,98,77,112,109,112,89,83,51,56,116,124,63,124,101,46,69,137,69,54,27,138,54,138,54,138,54,25,128,25,119,6,91,64,93,15,105,90,19,10,89,10,112,98,42,97,30,68,30,113,30
"596",77,109,98,112,26,89,10,89,26,123,70,123,70,123,26,89,112,98,77,98,112,133,112,89,26,123,26,123,70,123,70,123,70,123,70,133,112,133,112,133,112,99,90,105,122,75,122,95,106,23,35,62,56,50,34,116,34,28,139,34,50,34,116,124,1,9,1,9,1,64,52,81,37,81,37,81,37,81,37,81,119,25,129,6,134,91,103,20,67,20,111,91,111,82,91,43,128,52,64,50
"597",77,98,133,112,133,112,98,133,112,70,133,112,70,26,10,19,51,99,112,133,70,26,123,26,123,26,123,70,123,26,123,70,133,70,123,70,133,70,123,89,10,19,10,89,112,133,70,123,26,89,26,89,26,123,89,10,89,26,123,70,133,70,133,112,89,10,89,83,51,99,90,35,105,55,40,125,40,55,40,106,36,40,21,16,132,95,23,120,23,120,102,87,97,109,112,133,98,109,99,98
"598",77,109,77,109,77,109,90,87,102,87,42,109,87,35,90,105,4,57,5,50,7,105,90,55,105,114,11,114,74,119,22,3,65,3,37,81,54,25,128,25,119,128,25,128,81,37,81,54,138,137,54,27,71,92,27,55,105,15,93,64,34,1,64,58,105,128,134,43,128,81,6,128,64,15,56,83,56,62,90,55,32,8,32,8,29,32,8,24,75,35,75,94,100,105,92,71,27,59,27,59
"599",77,109,42,136,47,135,92,135,125,24,75,95,15,105,58,42,118,136,47,118,47,136,127,97,87,90,99,109,77,58,105,71,27,59,64,93,64,25,128,64,85,63,124,107,88,107,20,111,2,64,128,25,128,82,99,82,99,62,44,56,83,111,9,63,124,101,111,64,85,9,34,7,85,64,85,139,59,27,71,105,71,105,17,105,32,8,4,28,139,85,9,63,116,124,1,64,114,74,6,128
"600",77,109,42,58,42,136,47,118,47,136,117,136,97,127,35,87,97,117,97,102,120,53,132,41,36,84,36,135,92,105,58,105,55,62,44,18,62,99,19,90,127,48,127,21,106,36,14,84,132,21,132,21,132,41,16,60,41,60,41,135,55,90,15,56,116,50,1,124,63,124,15,7,5,57,4,100,5,17,57,100,17,57,28,85,63,72,101,137,67,88,107,1,116,1,116,9,107,88,72,88
"601",77,10,89,51,62,33,15,62,55,45,80,45,80,45,32,45,29,80,41,16,36,106,120,102,35,90,7,4,64,52,7,58,42,127,135,92,27,54,138,137,101,9,63,124,111,138,137,138,137,67,6,129,6,81,6,22,65,22,3,22,119,128,25,119,25,93,82,64,59,27,71,27,59,64,52,64,111,64,34,64,7,28,4,8,100,105,95,23,95,106,121,14,53,117,108,12,108,12,108,102
"602",77,98,99,51,19,99,51,19,10,77,42,98,133,112,133,112,133,70,133,70,123,26,123,26,89,83,51,99,77,98,112,133,112,133,70,123,70,123,70,123,70,123,26,123,26,123,70,133,70,123,70,123,70,123,26,89,10,109,87,90,35,90,15,122,35,90,35,23,120,106,132,21,132,23,35,90,19,109,42,58,42,97,113,58,97,117,53,132,127,136,47,118,42,118,42,97,102,120,102,108
"603",77,109,112,98,133,112,133,112,10,89,123,89,112,89,112,133,112,133,43,128,6,129,103,111,64,99,90,105,55,105,17,100,17,57,100,94,100,56,93,98,109,113,61,30,68,30,104,73,97,102,23,39,23,102,23,35,33,7,28,139,116,124,72,63,111,64,1,101,72,63,111,124,88,107,20,103,20,129,67,2,67,20,107,124,72,111,91,103,20,91,82,111,72,124,116,1,111,64,50,34
"604",77,109,77,109,99,82,43,78,129,20,91,82,93,56,44,15,90,48,132,21,48,132,106,121,96,121,84,53,14,12,121,96,121,120,121,127,136,47,136,47,21,132,21,106,36,106,132,48,132,84,14,36,40,106,95,24,94,24,94,24,125,40,125,29,45,105,114,25,128,81,119,81,54,81,6,129,6,129,91,6,74,128,43,128,7,139,116,124,9,85,28,7,33,62,99,82,93,56,124,88
"605",77,98,77,98,112,109,42,97,42,87,90,99,10,89,51,10,112,133,112,77,98,93,56,99,15,62,105,55,135,47,118,15,7,4,7,28,100,94,24,94,124,111,103,20,88,107,20,103,91,103,43,128,43,91,128,25,128,43,128,43,78,129,6,91,111,82,128,43,128,25,128,43,82,9,101,137,46,137,138,2,137,2,101,124,111,81,37,81,37,81,6,20,67,20,107,111,63,111,91,6
"606",77,98,114,11,114,105,15,105,90,42,118,98,42,109,19,90,15,99,90,19,99,51,89,26,123,26,123,26,123,70,98,77,109,77,98,133,70,123,70,133,70,123,133,98,115,30,113,30,113,77,98,43,128,114,11,58,113,30,113,77,58,105,114,25,52,64,34,139,64,52,64,139,34,50,64,25,119,81,52,25,119,74,3,81,37,81,59,64,50,34,50,56,44,18,15,7,71,52,64,52
"607",77,113,30,68,30,49,104,130,38,76,13,49,115,58,105,92,27,59,54,27,71,27,71,27,71,27,71,27,71,64,105,15,62,105,15,122,33,90,42,136,47,118,47,136,48,132,106,36,106,132,21,132,84,14,12,53,48,84,53,127,48,127,95,24,94,24,39,23,102,120,12,53,96,108,73,108,12,108,12,96,121,106,127,132,21,47,118,42,58,11,58,42,77,98,128,43,128,25,128,43
"608",77,109,112,70,133,112,89,26,123,70,133,43,128,52,64,7,4,100,94,24,8,4,8,4,7,105,100,94,24,125,135,21,106,135,92,71,92,27,2,138,131,69,137,101,124,1,64,111,2,101,9,64,99,51,56,7,85,64,42,58,105,58,105,71,105,17,57,100,94,24,125,32,45,80,125,40,41,60,80,45,32,8,4,8,125,80,29,80,29,32,125,40,135,40,55,40,125,80,41,16
"609",77,109,98,112,99,51,99,62,33,51,90,51,19,51,99,10,112,109,98,112,77,42,118,105,42,97,42,97,102,120,106,40,36,106,120,121,106,21,132,41,36,84,132,106,36,60,45,32,4,28,85,28,85,9,63,111,91,20,107,88,107,88,20,88,67,129,78,129,134,74,114,128,25,128,64,52,81,37,81,6,134,22,134,78,134,6,129,6,129,6,67,88,107,88,20,129,6,134,78,43
"610",77,98,77,112,89,123,70,123,89,99,90,87,42,58,105,15,50,34,63,34,1,116,34,116,124,72,101,107,9,64,83,89,26,123,26,89,26,123,89,10,99,51,89,10,99,109,113,58,42,71,92,135,47,48,53,84,121,96,121,14,121,106,36,41,16,21,135,92,135,17,57,94,125,24,94,100,5,57,5,28,85,9,72,124,116,124,63,72,101,1,116,63,72,111,64,1,124,116,15,93
"611",77,42,98,109,112,10,89,83,1,116,1,124,63,116,9,124,2,101,2,107,20,129,103,20,107,88,107,111,2,137,2,64,52,64,1,34,50,34,50,64,50,64,25,128,43,134,22,65,3,65,3,65,3,65,22,65,3,119,74,134,6,129,6,114,74,134,6,119,65,22,6,74,128,114,64,34,116,34,116,34,50,34,64,99,82,91,129,6,81,37,67,20,67,91,43,128,52,71,27,71
"612",77,109,42,118,47,21,106,36,41,45,60,41,60,45,41,36,16,36,60,16,41,36,41,60,36,60,80,45,55,40,55,105,32,29,8,29,8,100,57,28,100,8,100,94,24,94,57,100,4,8,95,23,127,136,127,102,120,121,117,108,102,87,90,42,97,87,35,87,102,53,48,47,136,47,21,47,48,53,48,53,48,53,48,136,118,136,47,136,97,87,109,112,10,99,98,77,98,77,99,93
"613",77,99,98,99,90,87,97,87,102,87,77,109,90,35,87,109,113,77,98,112,133,70,133,70,123,26,123,26,89,26,123,70,133,112,98,77,98,128,98,112,89,83,93,99,19,33,62,33,62,44,18,44,15,64,111,82,99,90,109,87,15,64,116,1,64,82,128,43,128,82,111,103,91,128,43,128,43,74,22,119,25,119,74,119,81,37,81,64,52,64,9,2,67,137,2,137,2,88,20,107
"614",77,98,133,112,98,77,98,77,98,82,128,64,99,62,15,99,77,98,112,109,112,109,90,99,51,19,51,99,90,99,82,128,119,74,134,6,129,6,78,134,6,81,37,67,138,54,138,54,69,46,2,138,54,138,54,131,69,46,2,101,9,101,137,2,137,2,138,69,46,137,69,131,2,101,124,88,67,129,6,67,6,74,134,22,3,81,91,111,6,67,137,2,111,64,1,64,128,43,128,114
"615",77,98,112,109,90,109,99,82,128,59,34,1,116,85,64,15,33,62,56,15,62,90,87,97,73,97,136,48,23,95,75,122,44,62,33,15,62,44,56,93,64,139,64,52,64,56,93,64,50,34,50,64,50,85,9,64,50,64,83,51,99,62,33,35,87,90,87,109,90,62,33,90,33,35,33,35,33,62,44,56,51,99,51,99,82,111,63,124,93,99,51,19,99,109,77,98,43,82,128,25
"616",77,109,112,98,112,133,70,123,70,133,112,26,89,51,99,89,112,10,99,82,91,111,9,101,72,124,72,124,107,9,1,124,72,101,9,63,9,64,1,34,63,9,63,124,63,9,111,72,124,1,111,9,64,93,64,98,77,42,98,112,133,70,112,133,112,10,89,26,123,70,133,70,123,70,123,70,133,112,77,82,128,43,98,77,98,99,19,51,99,15,62,51,62,33,62,18,44,15,62,105
"617",77,98,77,98,77,98,58,77,133,112,98,112,133,112,26,70,133,112,98,133,112,98,109,112,133,112,98,77,113,30,115,30,113,61,31,49,115,30,68,104,130,76,38,86,110,38,86,38,86,38,126,66,86,61,113,115,64,85,9,111,2,137,67,20,111,91,6,67,2,137,138,54,138,2,138,54,138,54,138,2,88,107,88,67,137,67,138,54,81,37,69,46,2,137,69,138,137,138,69,46
"618",77,98,128,25,114,128,6,134,74,6,91,128,43,128,25,119,3,81,37,81,111,63,139,28,4,100,57,100,57,5,50,5,50,7,64,17,75,24,39,23,120,23,120,102,87,42,87,124,2,137,101,72,63,50,64,139,28,4,100,8,125,94,125,24,94,125,40,125,29,45,32,105,17,57,100,18,5,28,85,139,28,57,5,50,34,59,83,51,99,56,15,64,50,15,93,64,52,64,83,1
"619",77,109,97,42,98,112,89,83,64,1,111,91,6,46,2,137,69,131,137,131,137,138,37,6,103,67,137,69,137,101,137,2,111,124,1,9,1,64,99,98,112,98,118,15,44,18,44,18,122,15,44,62,44,15,56,15,7,15,18,15,18,122,18,122,75,95,40,125,55,92,105,118,42,97,102,108,73,104,76,79,104,68,30,61,38,110,38,104,68,30,61,66,61,126,61,66,126,38,130,76
"620",77,98,99,64,93,82,128,25,128,43,134,74,43,74,114,119,74,128,25,119,25,6,129,6,134,129,67,20,103,129,67,137,131,137,46,137,101,2,137,67,138,54,138,54,81,6,129,6,67,6,137,69,46,69,131,137,138,54,138,54,138,69,131,69,137,2,107,2,111,101,124,111,72,88,107,124,107,2,124,111,91,103,20,107,88,107,20,88,107,88,124,116,9,101,2,137,101,72,101,46
"621",77,109,112,10,19,109,42,58,11,114,6,78,43,128,74,114,105,55,17,100,57,17,57,5,50,5,7,114,74,6,91,128,25,59,27,9,1,64,1,124,116,124,63,101,124,88,67,88,107,101,2,46,69,46,2,27,55,40,41,60,36,84,121,106,39,23,120,121,53,84,14,121,106,40,41,40,125,24,39,24,95,122,18,75,18,122,95,75,24,94,24,125,8,4,8,29,45,41,45,80
"622",77,99,90,15,90,35,33,35,90,51,99,105,114,128,81,64,116,124,1,64,1,124,107,88,107,88,124,50,34,50,34,64,7,17,57,17,32,55,40,39,24,75,122,18,15,64,7,115,77,98,82,128,43,78,43,128,119,3,37,6,74,134,128,64,1,64,50,56,99,82,128,52,64,34,64,43,82,98,128,59,64,93,99,109,87,42,98,77,113,61,113,30,113,61,104,79,13,31,104,13
"623",77,109,99,62,56,15,90,99,19,10,19,10,99,109,77,98,112,109,19,99,19,10,109,51,83,89,10,51,90,35,90,15,62,44,18,44,62,99,51,90,99,109,87,97,42,58,42,105,90,35,33,35,75,122,95,23,120,121,84,106,39,40,48,84,16,41,55,105,15,56,93,82,128,52,128,74,119,74,114,11,105,122,75,122,35,23,35,95,75,122,95,23,35,90,51,99,51,89,26,70
"624",77,10,77,98,58,105,57,17,57,124,116,124,116,34,50,64,9,1,64,82,93,56,99,62,33,90,35,90,109,113,30,61,38,130,76,38,86,61,86,38,76,38,76,31,79,104,130,38,126,38,86,38,104,38,126,86,38,76,38,61,66,61,38,86,38,130,38,126,38,76,130,38,76,38,61,13,79,31,13,31,49,115,58,98,99,90,15,90,35,122,18,75,122,95,122,75,122,18,5,17
"625",77,109,42,64,52,64,85,9,101,124,116,93,56,51,10,26,89,51,90,99,93,98,43,134,128,98,109,42,98,112,133,70,133,112,89,19,99,62,33,62,90,99,83,89,123,26,123,70,123,70,123,26,123,26,123,26,112,133,70,123,70,123,70,123,70,123,70,133,70,133,43,74,128,82,93,56,51,99,62,90,51,99,93,82,128,25,114,119,81,103,20,111,91,6,129,67,138,67,129,6
"626",77,98,128,114,128,43,128,64,111,1,124,63,85,139,34,1,64,34,116,124,63,72,63,5,7,34,64,1,64,111,124,101,111,124,1,64,20,107,20,67,137,101,88,67,20,111,64,111,63,101,72,101,9,85,124,63,124,63,124,2,137,67,20,129,78,134,74,134,25,128,43,128,25,119,54,138,54,119,25,128,6,67,137,67,88,107,138,54,81,37,81,37,81,54,137,69,137,67,88,67
"627",77,99,62,44,62,105,71,105,7,64,111,64,28,85,63,124,72,88,67,54,138,54,138,6,91,20,129,6,91,81,6,129,6,22,6,81,37,81,6,74,134,91,82,111,63,111,91,129,6,37,81,37,67,88,67,138,137,67,88,107,88,107,20,67,138,137,138,69,131,69,81,25,128,98,77,109,99,56,83,51,19,99,90,99,77,109,90,87,35,102,87,35,33,62,35,127,135,41,36,84
"628",77,98,77,112,99,64,56,44,15,93,25,128,43,74,128,134,128,98,77,109,90,105,55,105,92,135,95,8,4,100,4,32,45,80,29,80,45,32,45,32,8,100,4,28,7,15,105,32,55,40,125,24,40,106,21,48,21,132,40,60,80,41,60,36,106,21,132,84,14,53,48,53,84,14,36,106,36,84,14,84,53,136,42,136,118,42,118,42,98,99,90,87,102,96,108,102,120,102,87,90
"629",77,98,115,30,97,108,12,108,12,121,14,84,14,84,36,106,127,21,16,21,132,106,120,23,95,39,106,40,55,27,105,18,122,15,62,44,18,122,95,122,75,24,94,24,125,39,125,32,8,29,125,40,41,60,41,60,36,41,40,125,24,75,122,75,95,23,95,75,95,23,120,102,120,121,96,121,96,108,73,102,108,102,97,127,53,84,14,84,36,40,36,106,84,53,23,120,121,120,106,132
"630",77,42,58,42,105,114,7,64,83,1,124,111,20,91,67,88,107,2,137,46,69,46,101,137,2,46,137,138,54,119,22,134,78,43,78,43,78,134,74,22,134,43,98,77,99,62,15,62,99,51,99,90,35,127,48,53,108,12,108,96,121,106,121,108,12,108,12,53,97,87,35,33,62,15,105,45,29,125,39,24,94,125,40,125,40,39,125,40,135,40,125,100,94,24,40,24,125,40,125,45
"631",77,109,87,42,118,47,136,47,21,47,136,47,21,132,41,60,41,60,16,41,60,80,29,32,45,80,45,80,45,41,60,36,106,95,75,122,18,122,44,56,93,15,105,71,105,92,55,40,125,24,39,95,39,125,40,125,39,95,122,62,18,122,94,125,57,4,8,4,28,139,64,93,82,128,6,129,91,111,63,116,101,2,137,69,46,69,137,67,129,6,74,134,128,114,105,45,32,4,100,8
"632",77,98,109,42,87,102,120,121,120,121,120,102,120,23,95,106,21,48,127,132,95,122,18,122,75,95,122,95,122,105,15,105,58,42,109,42,97,113,61,31,104,97,87,127,97,113,61,66,61,104,30,68,30,113,68,113,30,113,30,49,30,61,30,113,109,90,109,42,90,99,90,105,32,8,4,8,100,57,5,57,5,94,100,57,17,5,7,57,17,7,17,94,24,125,24,94,100,8,4,100
"633",77,10,112,98,42,105,92,27,64,93,56,83,51,83,59,64,34,50,64,1,124,72,111,81,128,6,81,111,64,7,5,50,34,64,93,56,93,15,44,15,62,33,62,90,87,90,15,62,99,90,35,95,122,44,15,90,87,90,105,100,125,55,105,55,32,4,7,5,57,100,8,4,28,4,100,8,32,8,32,45,80,41,80,29,80,125,95,120,102,87,127,90,62,33,62,33,15,18,122,75
"634",77,43,128,82,111,91,6,128,6,91,81,111,72,111,124,1,64,83,51,19,51,19,10,112,133,70,123,70,26,112,133,112,89,123,70,123,26,123,70,123,26,123,70,133,112,133,112,109,87,42,109,77,98,99,90,87,42,97,87,42,118,42,98,99,19,10,89,99,89,10,19,33,62,15,62,15,62,15,33,35,95,75,24,94,24,125,29,45,55,45,8,122,95,39,125,39,125,40,125,32
"635",77,112,89,10,99,82,128,119,25,59,27,71,27,71,55,71,59,52,6,74,43,103,20,91,128,98,133,70,112,89,10,89,51,83,64,93,64,7,50,7,58,115,49,31,79,13,31,126,38,130,38,86,110,38,86,38,126,86,126,38,76,130,104,30,61,113,30,113,30,68,30,68,30,61,113,109,112,133,112,70,123,89,26,89,10,89,83,64,111,91,6,129,6,91,64,52,25,128,82,43
"636",77,99,89,51,99,62,90,99,90,15,62,44,18,122,75,24,40,48,84,121,106,40,41,60,41,40,55,125,40,48,40,125,29,45,55,32,29,8,125,24,75,18,75,122,95,122,44,18,15,7,64,93,124,2,46,69,46,69,54,81,52,128,98,112,77,109,42,87,42,98,115,42,118,42,77,98,115,49,30,61,66,126,61,66,86,126,66,86,38,13,104,30,61,38,76,38,86,38,130,38
"637",77,105,55,71,59,64,83,93,99,109,112,133,112,133,70,123,70,133,70,123,70,123,70,112,109,112,98,112,133,98,42,105,15,90,35,87,97,42,109,19,10,89,26,123,70,123,70,123,70,133,112,133,70,123,89,10,89,10,99,77,112,89,10,112,98,112,98,43,74,134,6,3,65,22,74,114,11,114,64,99,82,128,43,128,81,54,27,71,64,56,44,122,15,93,82,128,43,99,64,42
"638",77,112,109,42,136,42,64,128,74,43,128,52,25,119,22,65,3,37,138,124,1,116,63,124,116,64,99,98,112,109,42,97,30,113,30,113,109,77,58,105,118,136,47,21,132,84,16,41,40,106,132,87,90,99,56,83,56,93,82,64,52,64,52,64,94,57,100,4,7,64,7,57,7,5,7,105,42,87,90,15,44,51,99,90,35,90,99,51,19,10,112,133,112,109,77,109,77,42,105,75
"639",77,109,99,93,82,91,43,82,133,112,109,113,77,112,89,10,51,99,89,26,89,10,99,82,91,88,107,20,107,88,72,124,63,111,2,137,69,131,69,137,46,69,131,81,37,3,22,65,119,22,3,65,119,22,74,134,22,74,6,129,20,103,20,91,64,94,24,94,105,87,90,15,62,33,35,33,15,62,51,99,89,112,89,26,89,26,123,70,123,70,133,112,89,26,123,70,123,70,123,89
"640",77,113,97,136,47,21,132,21,132,106,132,23,120,121,106,23,106,36,84,36,84,48,47,136,117,136,97,109,113,30,68,30,113,77,109,77,98,42,98,58,98,114,64,82,128,43,128,64,82,77,109,87,97,127,136,47,21,132,21,132,21,47,21,132,21,47,136,117,53,84,53,14,84,53,127,135,92,27,71,92,27,92,27,71,27,71,27,138,67,137,67,54,27,138,54,27,71,105,98,42
"641",77,98,99,51,99,19,99,98,58,42,97,73,108,12,108,12,108,12,121,12,53,102,87,90,99,90,62,99,51,90,35,95,106,121,14,84,36,106,53,117,12,53,132,21,132,106,41,36,84,53,106,132,21,132,16,41,36,106,40,135,47,127,121,127,53,117,53,127,42,97,136,127,35,87,42,127,132,41,60,41,16,60,16,127,132,127,87,73,102,23,120,102,120,23,102,120,102,120,102,120
"642",77,98,43,128,43,128,74,6,119,22,119,22,74,128,25,128,43,78,43,128,37,81,37,6,81,6,128,43,82,93,98,77,98,112,26,123,26,89,26,89,99,19,77,98,128,114,128,25,119,81,37,81,37,67,137,69,46,137,101,137,101,2,124,1,116,63,111,101,72,88,67,20,103,20,129,6,91,81,37,6,128,81,37,81,37,131,137,67,137,101,2,137,69,131,37,81,37,67,88,72
"643",77,98,118,136,42,77,133,70,133,112,133,112,10,99,51,99,89,99,77,98,77,98,133,70,123,89,10,99,62,33,62,15,90,99,90,99,51,99,51,99,33,35,122,35,87,102,108,96,121,84,132,21,127,53,106,121,96,108,12,53,127,21,132,21,127,53,127,102,108,102,120,53,127,35,15,64,52,64,34,1,124,50,34,50,5,28,85,28,5,116,139,28,85,28,139,85,9,85,139,7
"644",77,109,10,112,133,70,133,123,70,123,26,123,70,133,70,123,70,123,70,133,112,89,10,77,98,133,112,133,70,123,26,123,26,123,70,133,112,77,98,43,128,7,15,105,90,99,93,64,7,34,116,1,124,54,9,85,111,63,124,138,67,129,103,129,6,129,6,25,52,64,93,99,89,83,51,89,10,109,98,133,70,133,98,42,98,133,77,109,42,64,28,64,90,35,132,21,48,132,21,132
"645",77,112,109,77,98,43,128,25,128,74,119,22,74,114,119,74,119,3,65,3,22,65,3,65,22,134,78,134,43,74,119,65,3,22,134,74,22,74,43,128,81,37,81,37,81,37,81,37,81,54,103,111,91,20,67,137,101,137,67,137,69,46,2,137,2,138,46,137,67,138,54,119,65,3,65,22,65,3,65,22,65,3,114,11,105,15,105,114,11,114,74,134,129,67,88,67,20,91,6,91
"646",77,98,118,99,51,19,51,99,89,99,90,109,112,133,98,133,112,10,112,10,77,109,98,99,19,109,87,42,109,98,42,105,55,75,122,18,15,90,99,77,109,77,98,77,109,99,51,83,64,93,99,19,51,109,98,77,42,97,42,118,42,97,42,109,42,136,127,35,122,95,122,75,24,75,122,75,18,75,35,90,99,90,105,77,109,87,132,106,120,102,120,102,120,121,14,84,121,84,36,84
"647",77,112,98,93,64,50,139,64,52,64,139,9,63,116,1,124,111,91,103,20,88,107,88,107,138,137,46,2,101,107,88,67,138,37,81,52,128,74,43,98,77,98,58,42,98,99,82,91,111,64,111,91,103,129,6,129,67,6,91,103,20,103,111,91,6,25,119,54,131,69,46,2,67,88,124,1,124,63,9,63,72,101,88,107,88,67,20,103,20,129,6,67,138,37,81,54,67,88,107,88
"648",77,109,77,99,56,83,56,83,51,62,44,122,94,100,8,32,4,8,100,57,94,18,105,17,55,45,80,8,4,100,122,95,122,18,17,105,71,99,62,35,90,105,128,64,83,56,44,18,122,35,15,62,15,62,33,62,51,99,10,19,51,44,122,75,122,44,18,44,62,33,62,44,18,75,33,62,33,51,99,19,51,10,99,62,33,15,44,56,83,56,83,89,112,133,98,43,128,82,111,82
"649",77,42,118,47,136,118,105,122,35,87,90,15,105,58,105,32,8,4,8,4,8,4,8,105,94,125,55,45,32,55,71,27,54,69,46,101,2,46,137,2,101,72,63,124,56,62,122,95,23,95,132,53,48,127,84,36,41,80,45,32,105,58,77,42,87,102,120,23,95,23,95,122,75,122,35,23,120,102,120,102,120,23,120,102,120,12,121,96,121,127,84,53,127,132,21,132,106,121,127,132
"650",77,98,118,105,77,42,48,53,127,53,127,21,127,53,12,96,121,120,23,120,121,96,121,84,14,84,36,84,14,53,48,127,136,42,118,47,118,42,109,99,109,90,105,15,105,90,87,42,62,15,62,90,105,18,15,105,58,42,109,99,64,85,28,4,28,7,105,42,77,109,98,77,113,30,68,30,68,30,115,30,113,30,61,113,68,113,109,112,133,70,123,70,123,70,133,98,112,26,123,70
"651",77,99,109,19,10,112,133,112,70,133,112,133,112,98,77,113,109,98,133,112,133,70,123,26,70,133,112,133,70,123,70,123,70,133,70,133,70,123,26,123,70,133,70,98,42,87,97,42,87,90,15,62,33,90,105,58,7,17,105,32,45,32,105,58,113,30,113,77,112,89,10,89,83,64,83,51,99,56,15,62,44,62,99,51,56,15,64,50,34,28,64,34,139,28,5,50,15,90,105,18
"652",77,109,77,82,128,74,114,64,83,64,52,64,1,64,42,99,19,51,19,51,62,44,122,95,122,18,44,56,15,105,55,125,94,24,75,35,95,23,35,87,102,35,90,95,75,122,35,95,8,4,7,64,9,116,124,72,111,82,43,98,43,98,112,133,98,77,99,56,99,19,10,99,62,99,62,56,44,18,15,62,42,118,42,87,102,87,97,102,120,102,23,120,102,120,121,96,108,96,121,96
"653",77,98,77,42,98,109,113,61,30,104,79,104,13,79,104,68,30,113,61,66,61,113,61,30,113,61,66,126,66,61,31,104,79,13,31,76,79,104,31,104,30,113,30,68,30,61,113,68,113,30,68,30,104,31,49,79,13,76,126,61,66,61,86,38,126,38,104,31,49,115,7,5,28,5,94,24,95,23,39,24,39,24,39,24,75,122,18,122,95,39,24,94,24,94,105,114,64,1,9,101
"654",77,98,77,98,112,133,112,109,77,42,118,99,51,56,93,64,50,34,64,52,25,128,43,78,43,78,129,67,138,54,138,54,119,114,128,82,93,56,93,56,83,64,82,91,6,129,67,6,78,134,74,134,6,78,129,6,129,103,111,124,107,20,107,124,72,124,1,50,34,64,52,81,6,129,6,3,65,81,37,81,37,81,37,2,137,138,27,59,27,64,50,34,116,124,107,88,67,129,6,119
"655",77,19,10,89,10,89,10,112,26,89,99,82,93,56,83,89,26,89,123,70,123,70,133,112,10,112,98,43,128,43,78,43,98,77,42,98,112,109,97,42,87,109,87,23,120,121,96,12,108,73,102,35,95,23,95,120,121,96,108,117,12,14,84,36,106,36,84,14,84,132,21,47,136,118,99,19,90,51,90,15,62,56,93,15,105,114,64,111,20,103,6,128,43,91,59,6,67,88,67,137
"656",77,42,58,115,30,113,58,105,58,105,15,18,95,105,58,105,15,62,90,105,32,8,125,80,45,60,80,125,45,55,45,55,71,105,115,49,115,105,55,27,92,71,27,71,105,118,47,48,21,132,21,135,92,27,71,27,64,50,34,116,63,111,91,43,74,6,78,129,6,91,82,128,114,105,32,29,80,45,29,32,8,94,18,44,18,17,100,5,17,105,42,98,133,70,123,70,26,89,10,112
"657",77,99,62,99,109,99,10,99,93,99,93,64,99,90,105,55,40,125,40,55,92,71,105,115,49,79,76,130,104,61,66,61,66,31,104,13,76,130,110,38,76,104,30,113,97,42,87,97,42,113,68,30,115,105,58,77,98,133,98,112,26,89,10,19,10,89,10,112,10,89,112,98,128,105,90,105,11,105,5,28,85,139,63,72,124,1,64,83,1,124,107,124,116,34,116,1,124,72,101,9
"658",77,98,77,109,42,113,61,66,86,126,86,61,66,61,38,130,38,76,38,126,38,76,13,104,113,30,104,31,49,30,68,30,68,104,79,76,38,126,31,13,79,31,104,31,104,31,79,49,79,13,49,115,105,15,93,56,93,15,62,99,109,51,89,112,10,99,109,99,42,87,42,87,102,87,90,55,92,105,92,71,27,138,54,138,54,138,27,71,27,59,27,59,27,59,27,59,27,92,105,71
"659",77,98,133,70,133,98,58,42,64,93,82,128,37,81,65,119,74,128,43,128,25,128,82,64,82,98,82,111,82,99,93,15,7,28,139,28,7,58,105,71,59,25,81,37,6,22,119,65,22,119,6,91,6,129,20,107,88,107,88,107,88,107,101,88,107,88,72,88,137,131,69,131,81,6,134,78,103,20,67,2,138,137,138,54,67,88,107,20,111,64,52,64,111,107,124,72,88,67,137,131
"660",77,42,118,7,15,56,93,56,93,15,62,15,33,62,33,90,99,90,105,98,77,98,42,87,102,120,102,97,42,98,43,64,83,89,26,123,70,133,112,89,123,26,123,70,133,112,10,109,42,109,97,42,109,90,105,90,99,19,109,90,33,35,23,48,84,48,132,106,84,48,136,48,53,12,117,108,102,87,90,132,106,40,125,80,41,36,84,53,23,120,23,39,95,122,95,127,53,84,14,84
"661",77,109,77,82,99,51,83,51,19,109,99,109,19,10,112,89,26,123,70,123,89,83,89,10,89,51,83,89,112,133,70,123,70,123,70,123,70,133,112,98,133,70,26,123,26,123,26,123,70,112,133,112,133,112,99,109,77,42,7,64,25,128,25,134,74,128,52,64,111,81,37,6,91,20,91,43,128,6,129,103,20,88,72,9,27,54,25,128,64,52,64,15,44,18,44,62,90,99,90,15
"662",77,109,77,98,112,98,112,133,70,123,26,89,10,89,123,70,133,112,133,82,128,64,52,7,85,139,28,5,7,15,95,24,75,24,94,24,39,125,94,100,17,44,62,105,55,45,32,8,57,17,55,92,135,92,135,40,95,24,94,24,94,24,94,24,39,125,55,48,53,84,132,127,97,42,87,109,19,51,99,62,56,93,64,93,64,52,64,25,128,25,128,43,98,133,112,133,70,123,70,123
"663",77,98,133,70,123,70,123,70,123,26,89,26,89,99,62,99,62,33,90,135,106,40,125,24,75,135,47,136,127,87,23,39,125,40,41,16,41,40,125,29,8,4,57,17,100,57,28,4,8,32,29,80,45,80,60,45,55,45,55,32,92,105,92,27,59,64,93,56,93,56,44,15,7,64,50,124,111,91,128,59,27,9,63,50,5,57,100,17,57,4,8,32,8,32,105,42,118,117,136,47
"664",77,98,42,58,11,105,114,25,119,22,134,22,3,65,3,65,3,22,74,128,25,134,6,128,114,64,139,28,64,1,101,1,34,50,56,44,62,15,7,42,87,90,127,53,84,14,121,96,121,120,121,106,36,106,121,84,14,84,53,84,36,16,84,121,96,121,14,84,14,84,53,127,23,39,24,125,29,80,60,41,16,60,36,40,55,27,55,75,18,122,95,23,120,23,120,106,132,21,47,48
"665",77,98,133,112,109,77,109,99,10,26,123,70,133,98,77,98,77,109,99,56,44,18,35,90,109,77,109,112,98,109,112,98,77,98,58,42,115,49,115,30,68,104,61,66,61,38,110,86,38,130,38,126,61,38,130,104,31,104,38,130,38,130,104,68,30,68,30,115,49,115,64,98,77,98,58,11,114,74,134,6,134,78,134,6,67,20,103,111,63,139,85,9,101,137,131,69,54,67,88,67
"666",77,99,109,112,133,112,26,123,70,123,70,123,70,123,70,123,70,89,26,123,26,123,70,123,70,123,26,123,70,133,98,109,112,109,87,42,62,15,56,83,64,111,124,107,20,67,137,69,54,138,137,46,69,131,54,138,69,131,69,46,137,69,46,138,27,138,2,111,107,88,67,138,54,138,111,64,139,116,124,9,1,50,64,63,124,116,124,116,64,28,85,28,4,8,32,29,45,125,40,39
"667",77,43,128,82,128,82,77,98,133,98,77,10,99,51,99,112,89,10,19,99,98,43,129,67,137,69,131,69,138,137,101,72,124,107,88,107,72,124,1,107,20,103,6,37,81,64,82,111,91,6,134,78,43,78,6,129,6,129,6,129,6,134,129,6,91,6,37,81,128,25,119,25,52,81,119,54,138,54,69,138,54,27,59,27,59,27,55,71,98,77,87,97,87,102,87,42,118,47,118,136
"668",77,109,19,109,19,90,19,99,51,19,99,87,35,18,75,95,122,75,122,95,94,125,24,75,18,5,7,5,57,17,32,8,32,45,80,60,40,39,106,40,135,40,24,75,24,95,106,132,95,8,32,29,45,55,40,60,41,45,32,45,40,135,92,71,27,138,107,20,67,129,103,6,81,54,119,74,3,22,119,22,3,65,3,65,119,25,119,65,3,65,3,65,3,81,128,114,7,15,62,15
"669",77,43,74,128,25,128,43,78,6,37,81,128,25,54,138,69,46,69,131,67,37,81,91,103,129,20,67,20,107,101,2,124,107,138,107,20,91,111,64,50,124,111,124,88,107,88,101,2,101,9,2,107,111,91,111,72,101,2,137,101,46,69,137,138,54,138,46,101,72,101,107,138,137,138,54,138,27,9,72,101,124,116,34,116,64,52,64,52,64,83,111,91,128,43,78,134,22,134,43,78
"670",77,109,19,90,18,62,15,90,99,19,10,51,83,89,112,89,123,26,123,89,10,112,133,70,133,70,133,112,26,70,133,112,133,70,123,26,123,26,123,70,112,133,70,123,70,123,70,26,89,123,70,133,98,77,109,87,102,120,106,121,96,108,73,108,117,53,14,84,16,21,132,21,106,121,96,121,96,12,53,48,21,132,106,40,55,92,71,55,45,80,45,80,29,80,60,40,41,16,21,132
"671",77,98,114,74,22,3,22,3,119,54,81,37,6,91,78,6,134,22,119,25,128,43,128,64,7,5,28,85,9,1,64,34,64,50,34,50,7,28,85,63,124,111,72,124,107,88,101,9,111,91,103,81,6,129,6,91,111,124,72,101,9,54,138,37,81,52,128,25,128,119,22,119,81,119,25,119,25,119,74,134,74,119,22,3,74,6,129,91,103,20,103,20,103,107,20,91,129,6,129,134
"672",77,109,42,58,105,125,40,125,39,24,94,24,125,24,15,18,15,90,87,109,77,113,61,126,38,76,38,86,61,30,113,104,76,13,79,13,104,13,31,76,79,104,13,79,76,130,38,86,126,31,13,31,38,61,38,86,38,31,104,38,126,76,38,86,126,31,79,104,79,13,31,76,130,38,104,61,30,49,115,58,113,30,113,61,66,31,38,86,38,61,66,61,38,104,79,76,38,86,38,130
"673",77,109,99,62,44,15,64,58,105,15,7,5,57,28,7,128,43,134,6,129,6,129,67,137,138,27,55,92,27,2,67,129,6,91,6,91,129,6,128,43,128,52,64,116,124,116,63,116,34,139,116,1,124,111,82,91,82,98,112,10,89,26,123,70,133,98,118,136,97,87,90,105,32,8,4,100,4,8,4,8,29,80,41,40,39,24,94,18,44,15,64,93,1,50,34,63,111,103,20,111
"674",77,98,112,10,112,133,112,133,112,99,10,99,10,77,113,30,104,30,68,30,68,104,31,76,79,49,79,76,38,126,86,38,130,104,76,61,104,79,104,38,86,38,86,66,126,66,86,66,61,30,113,68,30,115,42,118,90,87,35,105,42,98,58,42,118,117,108,73,97,87,42,58,42,64,82,128,81,52,25,128,25,114,74,128,43,91,129,6,78,43,128,82,111,64,116,34,1,34,139,28
"675",77,98,77,98,112,133,70,123,70,123,70,133,112,109,98,133,98,77,98,77,112,133,70,123,70,123,70,123,70,133,70,26,10,51,10,89,26,123,70,123,70,133,112,133,70,133,112,133,112,26,123,89,10,99,109,112,109,98,133,70,133,70,123,70,133,112,70,133,70,123,70,123,26,123,70,123,26,123,89,112,89,26,89,26,89,99,109,97,87,99,82,43,128,43,134,74,43,128,25,64
"676",77,58,11,58,42,98,77,98,112,10,99,51,62,51,83,64,27,59,139,116,124,88,107,9,63,124,63,124,116,139,116,63,9,85,139,7,64,50,5,18,55,105,17,124,88,107,9,27,59,139,28,7,105,118,15,7,15,93,7,15,18,55,92,135,40,36,60,80,29,80,32,105,55,45,29,32,8,32,8,32,8,29,32,125,94,125,24,94,125,40,125,40,125,80,40,36,84,36,106,36
"677",77,98,99,19,10,99,51,19,10,99,62,44,18,105,42,113,30,113,30,68,30,113,61,76,38,104,130,38,76,38,126,38,104,31,104,73,104,130,38,126,66,126,61,30,113,30,68,30,113,30,68,30,113,30,68,104,30,115,30,113,61,66,61,38,76,38,126,61,38,130,38,76,31,104,38,76,13,104,31,79,104,13,49,115,49,115,58,42,87,109,42,58,11,58,113,30,113,30,115,58
"678",77,58,42,118,42,87,23,120,102,73,104,61,76,79,76,38,86,38,104,61,113,61,113,31,104,30,68,30,113,58,42,97,42,97,73,102,87,35,75,122,18,75,122,95,24,75,18,15,93,15,62,15,18,15,94,24,75,24,125,29,8,4,8,100,28,5,57,8,24,94,125,135,55,105,92,105,90,99,62,33,35,90,33,62,33,35,90,109,77,98,77,99,51,99,93,64,85,28,57,7
"679",77,109,77,64,139,63,9,1,34,64,93,56,93,64,114,105,92,71,105,114,128,91,111,91,6,81,37,81,37,131,138,124,63,116,1,111,91,111,128,74,119,25,128,82,64,52,58,114,11,114,11,58,105,71,27,138,37,81,54,119,6,129,43,74,128,25,128,105,62,19,99,62,90,51,89,10,99,82,111,64,116,63,124,101,9,2,137,67,137,131,69,131,137,138,54,138,111,91,78,134
"680",77,98,93,64,93,64,93,99,77,112,99,109,19,33,122,18,5,18,122,44,56,51,99,98,112,98,43,74,128,114,25,128,43,74,114,11,105,114,105,15,33,62,99,90,19,51,19,33,62,90,35,95,23,127,132,41,16,21,132,21,47,135,47,48,53,14,84,14,12,53,84,36,60,80,32,105,55,135,55,135,92,71,55,80,41,80,55,92,55,125,45,29,45,32,45,125,40,125,40,60
"681",77,109,19,99,90,99,51,109,112,70,123,70,123,70,123,70,123,70,133,70,123,70,133,98,128,64,83,1,124,107,111,91,111,63,111,124,101,9,85,9,1,64,1,124,111,116,1,64,28,64,139,116,1,64,83,89,10,109,42,87,90,35,122,62,64,111,9,63,83,111,2,67,137,67,6,67,88,107,88,107,88,107,2,137,131,69,131,137,101,88,67,137,101,2,101,9,72,124,116,1
"682",77,98,77,98,99,19,90,99,56,83,7,4,8,32,8,29,125,40,125,24,94,64,111,64,93,64,28,139,7,128,82,93,56,50,56,15,44,56,44,15,56,83,51,83,51,19,99,19,109,77,58,11,58,98,128,64,1,116,63,72,101,137,101,124,2,111,103,20,67,137,2,101,137,69,137,131,137,101,9,72,101,9,63,124,83,1,50,9,1,116,139,85,28,139,59,9,85,34,50,34
"683",77,113,30,68,104,76,38,130,38,104,130,38,86,38,130,38,86,38,76,130,104,76,13,76,38,76,79,104,31,13,31,66,126,31,66,61,38,130,76,38,86,38,130,38,61,30,113,30,113,61,104,31,38,86,126,38,126,38,76,126,86,38,130,38,76,31,61,113,61,66,126,38,61,30,113,109,42,109,112,133,98,133,112,99,56,15,105,71,55,92,55,125,40,135,55,105,17,100,57,100
"684",77,98,128,25,52,64,1,64,15,56,83,111,63,139,64,83,51,19,51,83,64,111,124,57,100,8,100,57,17,55,27,54,119,22,65,119,81,37,3,65,119,114,64,93,56,62,99,109,19,51,99,10,19,10,99,10,89,26,123,26,89,123,89,112,109,112,10,19,109,98,77,109,112,98,128,25,128,6,103,91,6,134,6,129,6,22,134,129,103,91,128,43,128,82,43,128,25,128,25,54
"685",77,98,112,133,70,133,43,128,25,128,114,105,7,5,57,4,8,4,100,8,125,55,32,105,59,105,15,62,44,17,18,44,18,44,18,15,7,64,85,28,57,28,85,28,139,85,139,116,34,4,100,17,94,105,58,42,109,99,89,112,77,98,77,98,133,70,133,112,98,82,111,91,111,82,111,72,88,107,88,20,107,116,107,88,67,129,6,119,65,3,119,22,65,3,65,3,37,81,37,81
"686",77,109,112,98,128,43,128,25,128,64,93,64,34,63,34,64,99,19,99,62,122,75,122,75,122,95,122,75,18,75,95,23,120,102,108,96,108,96,121,120,23,95,122,15,18,75,94,24,125,55,41,60,80,60,80,45,32,105,7,4,7,139,64,111,72,111,6,91,111,82,111,124,116,34,63,139,116,124,116,1,124,50,5,50,15,7,15,18,122,75,122,75,122,95,132,21,132,16,41,16
"687",77,98,77,58,113,109,99,90,99,109,77,58,77,98,77,43,134,91,111,82,128,98,128,81,119,22,134,78,43,74,134,78,129,6,91,25,128,114,105,92,105,5,57,5,57,8,32,105,15,62,15,7,90,109,77,98,112,89,10,89,123,70,123,26,123,70,123,70,133,98,42,87,35,127,132,48,136,118,136,47,118,98,58,105,42,118,64,83,64,15,18,122,44,62,56,51,10,99,19,51
"688",77,109,90,51,99,87,42,109,42,99,10,19,90,105,55,8,32,45,55,45,55,45,40,39,95,24,95,122,95,23,95,23,120,121,120,23,95,106,40,125,40,135,47,136,48,47,136,117,108,73,97,42,118,136,117,127,97,42,115,30,61,113,30,68,30,115,49,115,49,30,113,104,13,79,13,31,13,79,104,79,49,79,76,38,130,76,38,126,31,126,38,126,31,76,38,104,68,104,13,76
"689",77,58,105,55,41,16,21,127,132,106,121,106,84,53,121,14,108,102,120,102,120,102,108,12,53,127,48,40,125,40,135,47,48,23,102,120,102,108,97,117,136,42,58,113,30,61,30,113,30,61,113,77,98,77,42,136,118,47,135,55,45,55,125,40,125,40,135,92,135,125,40,125,40,24,40,39,24,39,95,23,127,132,35,33,62,15,105,42,105,114,74,114,11,58,11,58,113,30,104,30
"690",77,98,77,98,109,77,109,99,51,99,10,99,56,93,64,63,64,139,85,9,101,2,138,54,138,54,119,54,119,25,119,25,119,114,74,114,105,5,50,34,139,7,85,82,111,64,52,64,9,2,101,72,63,124,101,124,101,111,82,91,6,128,43,78,129,6,67,20,103,20,129,6,129,67,6,129,6,67,137,67,88,101,88,67,2,138,137,69,131,37,81,111,91,81,37,131,69,138,137,67
"691",77,99,93,25,128,82,93,64,139,34,139,28,7,58,115,105,71,105,118,42,115,58,42,97,127,21,47,48,132,21,47,135,47,21,132,16,60,80,125,94,75,122,75,122,95,122,105,55,32,15,100,57,17,105,17,75,95,8,32,125,40,106,39,24,75,24,75,24,125,55,92,55,45,29,100,28,139,28,4,8,32,15,99,98,77,109,113,30,113,97,42,118,47,135,92,55,45,80,29,8
"692",77,109,112,77,109,77,109,99,19,10,99,93,83,1,64,116,63,9,64,50,5,57,17,105,55,71,55,105,42,118,136,47,48,21,132,106,36,106,53,48,132,41,16,84,132,95,23,39,24,125,55,17,122,18,5,28,139,116,63,116,1,9,101,111,107,88,107,88,67,88,107,20,129,67,20,129,103,129,6,129,91,20,107,116,1,85,28,139,9,107,101,111,82,111,107,88,101,124,1,64
"693",77,98,112,10,19,51,99,62,19,51,89,112,109,99,109,98,114,64,50,34,50,34,50,5,7,15,90,19,109,97,87,42,97,42,118,47,127,90,105,71,105,55,75,18,17,105,58,98,77,113,61,30,68,113,30,61,126,38,61,30,61,104,49,115,30,113,30,115,30,49,115,49,115,30,113,97,102,53,84,14,84,121,106,36,106,84,14,53,84,36,40,125,29,32,45,80,60,45,80,60
"694",77,98,15,7,4,8,4,7,4,8,4,8,4,28,18,122,35,33,62,15,32,29,32,125,24,95,35,23,102,97,42,113,104,79,13,31,79,104,13,104,79,104,13,104,113,42,58,98,42,99,51,99,90,99,109,77,82,98,133,98,112,98,112,109,77,109,99,51,99,64,25,128,119,74,22,134,43,64,52,25,128,82,111,82,128,43,98,42,118,42,97,42,136,47,118,42,105,90,109,98
"695",77,42,77,98,112,98,43,128,25,64,52,64,81,54,119,81,69,46,137,69,131,69,131,137,2,101,88,67,137,67,129,134,22,74,119,3,37,81,37,3,22,134,91,129,6,67,37,67,88,107,124,116,1,34,1,34,116,34,50,34,64,139,85,9,72,101,138,54,138,27,92,71,92,27,59,91,6,129,134,6,91,6,91,82,111,82,128,134,78,43,78,134,78,43,128,25,128,25,119,54
"696",77,109,10,112,98,99,62,44,15,62,105,35,122,18,105,128,114,25,128,91,43,128,43,128,81,91,111,9,2,111,81,119,25,119,6,119,3,22,65,119,25,128,64,1,116,64,1,64,50,5,57,125,55,92,105,100,8,57,100,4,8,125,40,125,55,32,92,135,40,125,24,75,122,18,15,7,15,105,15,105,92,55,92,55,125,40,125,40,106,127,97,127,53,48,132,95,48,95,23,95
"697",77,58,105,58,115,42,98,77,98,77,98,99,62,15,64,1,124,111,63,116,63,72,124,85,111,124,88,107,20,103,91,82,91,6,129,67,6,81,131,69,131,137,46,69,137,101,2,101,72,9,111,101,88,67,88,124,1,64,124,116,124,63,85,64,93,7,105,4,7,28,5,50,56,50,64,1,111,64,114,98,118,136,47,135,47,135,40,55,135,40,106,132,16,36,60,80,60,36,106,53
"698",77,98,42,97,127,53,132,21,106,121,96,121,96,121,106,40,125,40,125,24,94,24,39,125,32,8,4,8,4,100,4,28,139,28,7,64,34,50,7,125,40,41,55,40,125,8,4,100,105,15,122,75,122,95,23,35,23,132,21,127,108,127,84,121,96,108,117,136,117,97,87,97,136,117,127,35,132,53,14,84,53,84,132,35,87,102,23,120,102,120,121,96,121,96,121,106,120,23,95,75
"699",77,98,58,11,114,74,43,91,6,134,6,91,20,2,9,2,111,124,88,107,88,107,88,107,88,101,72,88,20,107,124,107,88,124,111,103,91,129,6,91,111,124,116,63,124,72,124,63,124,72,9,101,2,138,137,101,9,1,124,107,101,2,111,2,54,138,54,69,131,137,2,101,72,111,107,20,107,124,107,124,107,103,20,103,20,129,6,134,78,134,74,43,128,43,82,64,111,128,52,64
"700",77,98,112,89,26,123,70,133,70,123,70,123,70,123,70,112,133,70,123,70,133,98,114,105,15,33,35,75,24,94,24,125,40,55,125,40,55,135,92,27,71,27,71,92,135,55,71,105,71,105,92,71,55,105,92,135,40,105,58,115,30,68,30,115,49,30,68,30,113,58,77,98,112,10,89,83,56,93,18,122,15,7,4,8,4,28,85,64,99,19,51,99,89,10,19,51,99,93,15,33
"701",77,98,77,109,77,109,42,118,117,136,48,84,36,60,16,21,132,84,121,120,121,96,102,73,97,117,136,117,127,53,96,120,121,120,23,120,121,106,132,16,60,41,60,41,36,53,12,108,12,108,102,97,102,120,121,12,96,121,120,121,120,102,120,102,120,102,12,53,127,53,14,84,132,21,127,136,42,109,42,97,42,98,77,109,87,42,77,112,133,98,77,112,70,123,70,123,70,133,112,89
"702",77,42,58,105,71,55,135,40,125,94,24,94,24,75,24,75,95,122,95,35,90,99,90,105,135,92,135,40,39,40,132,106,40,135,92,135,21,127,136,47,118,42,87,42,87,97,87,97,42,97,87,102,108,73,102,120,121,106,39,106,121,12,108,12,96,121,84,14,84,53,127,84,132,21,132,106,36,60,41,36,84,121,106,36,41,80,29,45,29,45,55,27,71,28,7,15,62,99,87,42
"703",77,98,112,133,112,109,77,87,97,87,132,23,53,14,12,108,117,108,12,117,118,47,136,48,47,135,132,106,21,132,21,132,21,132,21,16,21,132,21,132,16,36,84,121,53,14,84,16,21,132,21,132,21,106,23,35,102,73,108,102,108,12,53,127,84,48,53,84,53,121,120,23,120,23,95,75,55,135,47,48,21,47,135,41,16,36,106,121,120,121,106,21,135,92,32,8,125,8,32,8
"704",77,98,77,58,115,58,64,85,64,52,64,15,7,58,114,105,40,24,75,94,100,94,105,115,49,115,49,79,76,38,76,38,86,38,130,76,38,126,66,61,31,66,126,38,126,66,126,76,38,86,38,126,66,31,13,79,104,68,30,68,30,104,130,104,31,76,38,110,86,126,38,86,66,61,113,104,61,38,86,126,38,86,66,126,66,61,66,61,113,30,68,30,68,113,30,113,30,113,77,109
"705",77,42,109,19,10,99,56,83,56,93,64,99,56,83,64,139,59,139,28,85,139,116,1,124,101,2,9,2,101,2,101,2,137,69,137,101,107,88,107,101,124,111,81,3,37,6,134,43,128,52,128,43,78,134,22,119,65,3,65,3,65,3,37,81,37,81,37,81,128,25,128,43,129,6,37,81,6,128,43,74,128,43,78,103,6,43,78,129,6,81,3,65,3,119,74,22,3,119,3,65
"706",77,98,42,87,97,102,97,42,118,98,42,98,77,98,99,90,87,97,42,87,35,75,95,75,35,23,102,87,42,97,127,136,47,127,97,117,127,53,84,48,127,48,21,132,127,48,136,47,135,40,106,132,21,47,136,117,108,12,108,73,102,120,121,96,121,120,121,96,108,102,120,23,120,102,120,102,53,132,106,41,16,60,41,60,80,29,32,8,32,8,125,55,125,29,8,32,4,28,85,28
"707",77,98,42,118,7,93,64,50,7,42,87,109,77,82,91,54,69,131,137,69,137,67,103,20,67,137,131,69,137,131,69,131,69,131,137,69,131,69,137,2,9,101,2,27,105,114,105,58,7,90,19,51,99,98,109,99,112,89,112,89,10,89,10,99,62,44,56,50,64,9,64,52,64,111,72,101,124,107,88,107,101,124,116,124,72,124,63,9,107,88,138,54,69,46,137,131,137,46,69,131
"708",77,98,77,113,30,68,104,79,31,104,61,66,86,38,61,113,30,61,66,61,86,110,86,38,86,110,38,61,66,61,113,97,102,108,12,108,117,12,121,96,108,97,117,136,118,47,136,117,136,117,108,12,53,127,136,47,136,127,53,84,121,106,121,96,120,121,84,14,84,121,106,121,120,121,120,121,106,132,21,132,21,132,40,125,40,48,53,12,108,102,108,102,87,42,105,71,27,138,54,138
"709",77,98,77,98,77,109,77,98,77,109,90,105,75,122,95,122,95,122,95,122,95,23,120,102,73,108,12,108,12,108,12,108,12,53,121,120,102,120,102,120,121,96,121,120,102,73,97,87,108,73,108,117,53,127,117,108,12,53,84,132,106,120,121,120,121,120,102,108,117,108,12,121,84,53,84,14,84,14,84,121,120,23,97,136,117,136,127,132,95,122,18,122,75,94,24,39,106,36,40,80
"710",77,98,133,98,43,78,129,78,129,78,129,20,107,20,107,20,67,137,67,6,22,3,65,3,22,119,74,22,119,65,3,22,6,67,138,37,81,37,81,37,81,37,128,119,3,22,134,129,20,67,6,91,43,128,43,128,25,119,6,74,134,128,25,128,64,93,82,99,62,15,62,33,62,15,7,15,18,94,24,94,24,75,24,94,100,17,18,122,95,122,18,122,75,18,122,95,106,40,41,135
"711",77,109,99,51,99,83,51,19,51,83,111,124,64,1,111,91,6,67,88,107,88,72,124,63,111,91,20,107,88,107,124,101,88,67,137,2,101,124,111,64,27,64,1,64,128,81,37,81,37,81,37,131,69,131,69,131,69,137,2,101,46,2,111,82,77,113,61,38,76,38,61,113,61,66,126,86,126,38,130,38,76,38,126,66,126,38,86,38,126,38,76,38,126,66,61,38,126,38,86,38
"712",77,112,133,112,133,70,123,70,133,70,133,98,42,109,77,98,133,112,98,133,70,123,70,123,26,89,112,98,43,78,129,78,91,88,107,88,72,101,9,63,124,107,88,72,63,50,64,56,83,93,15,122,95,122,18,44,56,93,82,112,98,42,77,42,97,127,132,21,132,48,136,42,97,42,97,127,87,97,136,47,135,47,21,16,60,80,60,45,55,125,40,135,41,16,60,41,60,36,84,132
"713",77,98,82,111,64,98,112,133,70,133,98,115,58,7,85,139,116,1,124,2,111,64,1,124,107,72,101,88,67,88,67,137,2,111,91,111,107,88,107,88,20,107,88,107,67,88,107,88,107,124,138,27,71,55,105,92,55,125,94,100,8,32,105,58,98,42,58,105,55,135,17,105,71,93,1,9,116,1,116,139,64,28,85,28,34,63,34,116,1,116,124,82,128,43,128,114,105,55,71,92
"714",77,109,77,82,128,114,74,134,78,43,128,37,81,6,119,74,22,3,22,119,74,134,78,134,129,6,129,6,78,43,98,133,70,133,128,64,7,58,42,109,98,77,98,77,109,77,99,93,64,50,28,7,34,28,139,85,124,100,94,24,94,24,94,18,94,75,122,33,15,44,62,122,18,55,135,40,55,27,71,52,64,52,128,52,64,52,81,119,114,128,98,77,109,77,109,90,62,99,15,62
"715",77,98,133,98,112,98,128,91,81,37,131,137,67,103,20,107,9,111,64,93,99,10,89,10,89,112,133,70,133,70,123,70,123,70,123,26,123,26,123,70,123,70,133,98,43,128,74,134,78,6,22,3,22,119,74,3,65,3,22,134,43,91,103,91,111,82,128,43,74,134,74,119,25,128,25,128,82,91,128,64,15,62,33,35,90,99,89,26,123,70,123,70,133,70,133,112,89,99,89,26
"716",77,109,112,133,98,82,111,54,138,2,138,37,81,37,81,91,111,63,116,63,124,111,82,111,91,111,6,129,6,91,78,6,91,43,74,114,74,119,74,22,3,22,119,74,134,78,43,134,22,3,65,22,3,65,3,65,119,74,128,43,74,128,64,139,63,116,34,50,34,64,91,6,128,52,128,25,128,52,64,50,64,52,128,25,52,71,105,92,105,33,62,15,56,44,122,18,44,18,50,34
"717",77,98,42,127,53,106,120,121,96,12,108,73,87,42,90,99,51,56,83,56,93,82,99,62,33,35,95,122,18,44,18,75,122,95,122,18,75,95,122,15,62,33,35,132,106,36,60,41,16,60,41,40,106,39,23,120,23,35,132,40,125,24,75,122,18,94,24,94,24,75,105,114,105,93,56,15,90,35,75,35,95,106,132,53,127,132,21,132,16,84,14,84,48,84,53,117,53,48,136,118
"718",77,98,43,64,93,64,34,1,9,64,52,64,124,63,139,85,28,5,50,64,34,64,128,25,128,6,128,105,55,105,135,40,36,60,41,60,40,21,40,125,40,60,40,125,40,127,135,127,132,21,127,102,108,102,120,121,12,108,117,118,47,21,132,21,127,136,118,105,17,94,125,94,100,57,7,28,7,62,33,62,15,18,122,95,75,122,95,8,4,8,29,32,29,80,45,80,29,125,24,94
"719",77,98,109,97,23,35,95,122,75,18,75,24,94,24,75,24,125,100,8,32,8,32,45,80,32,8,100,57,100,17,57,17,7,105,62,33,122,18,15,56,83,56,93,56,15,45,105,77,82,93,82,128,25,128,114,74,128,7,105,15,62,99,62,44,18,75,95,75,24,94,18,5,57,28,7,52,81,103,91,82,99,90,19,109,99,90,15,105,15,18,15,64,81,37,81,37,67,137,138,107
"720",77,109,87,35,132,106,36,84,48,53,132,84,14,84,53,108,12,96,121,96,121,96,53,127,53,127,48,53,84,14,84,53,127,21,16,21,127,97,117,136,47,21,47,136,118,105,114,64,111,64,93,82,111,64,111,91,20,67,137,67,2,46,69,137,69,131,69,137,2,138,2,101,9,2,111,64,116,124,1,116,34,64,9,101,72,124,9,1,124,107,124,116,124,93,15,105,15,90,99,62
"721",77,113,30,113,58,113,61,113,30,61,30,68,30,113,30,61,66,61,38,104,38,130,38,76,38,126,66,31,104,113,30,61,113,30,61,66,61,66,126,76,130,38,126,38,130,38,86,38,126,61,30,79,13,31,104,31,104,13,79,31,61,66,31,79,31,38,76,38,130,38,76,104,30,49,31,126,86,38,130,38,110,86,38,86,38,86,38,110,38,126,66,61,30,113,61,31,66,61,30,61
"722",77,42,118,47,21,127,132,41,36,106,127,48,53,14,121,96,120,121,96,108,117,108,73,104,79,76,13,31,49,115,49,115,105,58,42,118,105,32,45,80,60,80,29,45,80,29,125,135,106,39,125,94,100,57,17,94,17,57,64,15,62,15,44,18,122,95,122,17,57,100,94,24,125,94,18,5,50,64,83,56,83,89,26,123,26,89,26,112,70,123,26,123,70,123,70,123,70,133,112,109
"723",77,109,99,51,89,99,98,64,85,28,139,116,1,34,116,34,1,64,52,114,11,114,105,128,114,11,105,32,45,32,8,4,8,29,45,55,105,77,109,42,98,58,7,4,100,57,125,24,94,125,24,125,94,122,75,62,51,99,109,42,97,87,102,108,12,14,84,36,41,60,16,132,95,35,95,122,35,90,99,56,44,62,99,109,112,99,82,43,91,134,128,43,128,82,64,83,51,19,99,93
"724",77,99,77,112,133,112,133,70,112,89,26,123,70,123,70,133,112,133,112,70,112,133,70,133,112,89,112,89,51,83,56,15,62,44,18,15,18,15,44,17,57,17,18,44,56,44,15,56,50,100,4,32,105,94,125,94,18,5,28,7,28,4,8,4,8,4,8,125,40,60,80,125,40,125,24,125,8,57,17,94,100,105,18,122,75,24,94,24,75,135,41,16,36,84,36,84,36,106,135,55
"725",77,98,77,109,42,97,42,98,77,58,105,18,122,95,75,35,23,35,90,55,75,18,15,105,92,105,35,87,90,19,10,99,109,77,99,62,44,15,44,18,44,56,124,116,139,116,34,50,34,116,34,50,34,50,64,52,128,105,122,75,17,57,28,139,64,85,64,71,27,71,59,71,105,92,71,105,118,136,42,87,109,98,133,70,123,70,133,70,123,26,10,112,109,112,133,70,123,26,123,70
"726",77,109,99,62,33,62,15,7,15,35,95,106,84,36,84,53,84,14,53,48,84,14,53,48,127,136,97,87,42,97,87,102,108,12,120,23,95,122,75,122,18,62,33,62,44,15,105,17,100,4,8,95,75,24,125,32,45,55,32,125,40,125,40,125,94,100,57,100,4,7,34,64,17,57,100,94,125,39,40,36,40,125,94,17,75,17,75,24,39,125,135,92,55,27,64,139,64,28,57,28
"727",77,109,42,136,47,21,48,53,102,120,102,120,102,120,23,39,40,36,40,36,106,40,125,39,23,35,23,95,120,102,23,95,35,75,95,39,24,75,62,33,62,15,18,75,24,8,29,80,45,29,8,125,8,32,125,55,92,27,71,105,55,135,92,55,71,105,15,62,99,109,90,19,10,99,90,99,19,51,90,105,135,21,132,40,125,24,75,24,39,125,29,8,32,4,7,5,94,105,64,58
"728",77,109,51,19,10,51,62,15,18,122,44,62,15,62,99,62,99,90,99,19,10,99,90,51,62,44,99,42,64,111,63,9,1,64,1,50,64,34,1,83,64,93,56,83,51,83,64,111,103,129,6,129,103,91,6,129,103,78,134,74,114,74,128,25,114,74,134,129,6,91,20,129,103,111,64,28,85,139,7,15,18,15,62,99,56,44,15,62,99,51,99,51,62,15,44,17,94,100,8,29
"729",77,112,133,70,123,26,10,89,10,89,10,99,15,62,15,105,55,105,55,45,80,29,80,29,45,80,60,41,36,41,36,84,14,84,121,106,36,106,120,121,84,36,40,60,41,40,125,135,40,55,105,62,15,7,15,62,33,62,90,87,97,87,35,75,122,95,35,87,102,120,121,84,121,14,121,84,14,84,121,106,95,23,97,117,136,127,97,42,97,102,97,42,64,52,105,58,136,117,108,12
"730",77,98,15,62,33,7,4,100,4,139,64,1,64,9,85,7,139,28,57,5,50,34,64,52,7,124,116,1,107,124,100,57,7,64,59,52,114,64,83,51,89,83,59,64,34,64,139,28,139,64,34,116,63,116,1,124,63,124,1,111,2,137,131,69,137,138,69,81,37,81,54,138,54,138,54,138,107,124,15,62,99,51,99,51,99,56,50,5,17,55,45,125,8,100,94,24,94,24,95,132
"731",77,109,77,98,112,98,82,91,103,91,82,83,89,83,64,52,25,81,119,81,54,81,37,81,37,67,37,81,54,69,131,69,137,101,2,46,137,46,2,101,2,101,137,2,46,2,137,69,131,69,131,69,54,138,2,101,137,67,88,107,88,137,67,88,107,124,63,124,116,63,116,1,116,34,116,63,9,63,124,111,124,72,9,101,107,101,72,111,103,20,107,9,1,83,56,15,62,56,51,19
"732",77,98,133,70,123,70,123,70,123,26,70,123,70,133,112,133,112,70,98,42,58,42,97,87,97,87,18,62,15,93,64,7,105,55,125,40,24,125,24,95,8,57,100,94,5,50,56,44,56,15,33,62,51,99,89,51,99,77,98,128,91,111,63,116,139,28,85,4,100,105,93,82,64,52,64,139,85,9,64,50,64,94,24,39,95,75,62,15,99,19,77,82,133,70,123,70,123,70,112,133
"733",77,98,128,52,7,57,100,8,29,45,55,105,92,135,92,135,40,55,18,15,18,44,18,75,122,95,75,95,75,18,15,62,99,98,112,89,112,133,112,133,43,134,43,74,43,128,43,98,43,78,134,6,129,6,37,81,54,131,37,81,6,25,119,128,6,134,74,134,6,129,6,91,6,22,119,6,128,52,128,93,105,114,128,114,128,82,128,91,111,2,111,82,99,89,123,26,89,123,89,51
"734",77,109,42,77,99,62,90,87,42,118,105,57,4,32,29,8,32,8,32,55,45,29,32,29,80,60,41,60,80,29,32,105,18,75,18,15,62,56,44,15,18,17,105,92,71,27,59,93,15,90,35,90,87,90,51,90,62,44,15,33,90,99,10,89,26,89,10,19,33,35,87,97,42,118,105,128,43,98,93,56,116,107,20,107,20,107,111,82,111,124,63,111,64,1,50,1,64,52,64,9
"735",77,98,112,133,70,123,70,133,112,98,133,70,133,98,43,128,43,133,112,133,70,133,70,123,70,123,70,133,112,133,112,10,112,70,123,89,26,89,51,89,10,51,89,26,89,99,10,51,99,19,99,56,62,33,62,33,35,87,102,23,120,121,120,12,108,117,48,42,87,97,87,42,105,58,105,90,15,62,56,50,34,1,9,107,88,20,129,6,22,65,3,81,37,6,37,81,37,131,69,137
"736",77,98,128,82,128,43,91,6,37,81,37,81,119,22,65,22,134,3,22,134,129,78,43,78,91,6,134,129,78,103,91,129,6,91,103,129,67,129,6,134,6,129,6,129,67,137,54,138,69,138,54,25,128,114,98,114,105,94,125,40,125,40,36,106,36,135,41,45,80,125,40,106,132,21,132,41,16,36,84,121,84,48,47,136,127,106,40,125,8,32,8,100,57,28,64,81,54,138,54,138
"737",77,99,51,109,99,10,89,99,51,99,51,99,62,99,51,90,35,90,109,112,98,77,98,109,99,51,99,90,35,90,7,17,105,42,97,53,12,96,121,12,96,108,12,108,97,42,87,42,90,35,122,75,24,94,105,18,75,24,125,8,4,8,125,55,105,58,105,33,15,56,44,62,15,18,44,62,35,95,122,75,95,24,94,100,57,28,57,5,105,58,64,50,34,124,138,37,81,6,91,111
"738",77,98,77,10,99,112,77,98,99,93,82,64,25,128,91,103,91,128,114,64,7,118,47,118,42,115,7,90,35,95,23,102,120,102,97,113,42,48,136,47,21,135,47,127,117,108,12,108,12,96,121,106,40,125,55,27,59,25,54,138,137,54,138,67,91,111,103,129,67,137,69,138,54,138,54,119,65,3,65,3,65,119,81,111,63,34,116,139,28,139,28,139,7,4,100,94,100,28,100,94
"739",77,109,42,87,97,113,61,30,68,30,68,30,115,30,68,30,115,49,30,113,61,66,61,66,86,66,61,113,30,115,49,31,126,38,76,130,38,130,104,13,104,79,104,38,76,38,76,38,86,38,76,126,38,126,38,126,76,38,76,38,76,79,104,76,13,31,13,31,126,76,79,13,31,126,38,104,76,104,61,30,49,31,126,66,61,113,77,109,97,87,102,97,42,98,133,112,99,19,10,99
"740",77,42,58,64,115,58,7,4,8,32,29,80,45,80,29,45,32,29,32,8,32,8,100,94,24,39,95,24,94,24,125,94,24,95,23,106,23,39,24,94,100,57,5,50,5,50,34,5,100,125,24,8,32,8,32,15,7,42,97,87,42,87,42,97,42,108,12,14,84,16,36,41,60,41,60,41,60,80,125,32,105,4,8,32,45,80,60,41,60,16,60,40,125,40,125,100,125,55,40,21
"741",77,109,112,133,70,133,98,99,90,19,51,19,90,105,35,62,33,62,15,18,122,75,35,95,122,75,24,75,122,95,35,33,122,95,24,94,8,100,94,24,39,95,23,95,75,35,90,35,33,99,89,26,123,70,133,112,77,98,77,98,133,98,77,98,112,133,112,89,26,123,89,123,70,123,70,123,70,26,89,10,89,26,123,26,123,70,133,98,112,133,98,77,113,30,61,66,126,38,31,13
"742",77,98,77,98,82,128,71,27,138,54,27,59,27,9,85,139,85,28,100,57,5,57,5,50,34,116,139,34,116,1,124,34,1,83,7,28,64,93,7,15,7,64,25,81,25,52,64,83,56,15,18,122,95,106,23,95,75,35,90,99,109,98,77,98,99,10,112,133,112,89,99,51,83,1,124,63,124,116,1,116,124,88,107,88,124,116,63,124,72,111,82,43,128,43,128,6,129,91,111,82
"743",77,98,112,133,70,123,26,123,70,112,133,112,70,123,26,112,98,128,25,128,91,128,43,98,43,128,52,25,128,82,111,124,101,9,2,111,2,137,2,107,20,129,6,119,74,114,11,114,11,114,98,77,10,99,98,133,70,123,89,26,123,70,133,70,133,98,133,70,123,70,133,70,123,26,89,112,77,98,77,98,42,118,105,15,7,17,105,114,58,7,28,57,100,57,100,18,75,24,75,95
"744",77,109,99,83,64,7,64,93,82,64,20,88,124,111,107,2,137,131,81,128,59,1,116,124,1,34,64,139,64,52,25,128,25,52,128,6,129,134,129,20,107,20,129,20,67,137,131,137,2,137,67,6,91,111,82,124,111,82,91,67,138,67,88,101,137,67,137,131,69,137,67,137,54,138,107,88,67,138,2,46,69,131,69,46,69,138,54,81,37,6,78,129,6,134,6,129,91,6,25,128
"745",77,98,43,78,43,128,114,74,22,6,43,128,25,128,25,128,98,99,10,19,99,51,99,112,109,77,112,98,77,99,15,18,35,75,94,100,4,57,7,28,7,28,7,57,7,64,52,64,116,124,1,83,7,105,55,32,125,8,32,125,94,18,122,44,62,99,51,10,99,82,128,25,119,22,134,78,129,6,128,25,128,114,98,58,64,25,6,67,20,107,124,116,1,64,128,114,52,64,83,56
"746",77,109,42,64,1,116,139,116,124,72,63,1,64,1,124,1,34,28,85,28,100,17,94,75,18,5,7,28,5,105,55,125,40,48,53,12,108,73,108,12,53,84,14,84,53,84,14,84,14,121,106,21,47,136,42,118,47,135,40,55,125,55,27,59,27,59,25,119,114,128,82,64,128,134,78,129,103,91,6,129,20,81,37,81,6,128,64,9,101,107,88,67,88,107,124,82,83,64,139,34
"747",77,113,30,61,31,76,38,130,38,76,38,126,31,13,76,79,31,38,126,76,38,130,38,126,66,126,76,13,79,13,79,31,79,104,31,104,79,76,13,76,130,104,13,104,79,49,79,13,104,30,68,30,68,113,30,68,30,68,30,113,61,30,113,61,38,86,126,38,86,38,86,38,104,79,49,31,79,13,76,130,104,130,38,130,76,79,76,130,38,130,38,130,76,38,126,38,126,31,13,104
"748",77,98,112,133,98,99,109,77,58,42,136,42,118,117,136,118,47,136,48,47,21,16,132,21,40,125,95,48,84,53,127,21,47,127,136,118,105,114,7,85,9,85,9,63,124,88,101,9,64,93,64,7,128,43,128,7,105,62,15,18,62,33,62,15,105,55,105,71,27,54,69,131,69,131,37,67,6,81,37,81,37,81,82,98,114,11,105,17,105,92,135,32,45,29,45,55,125,40,36,84
"749",77,98,77,98,112,10,19,51,19,51,19,99,51,99,109,87,90,19,51,19,10,99,62,15,62,90,105,114,128,64,50,5,57,100,4,100,94,24,94,18,105,100,50,7,105,58,105,128,25,64,93,99,93,56,44,122,95,23,120,121,96,121,96,121,120,121,120,106,36,84,53,127,106,36,84,53,48,40,60,41,36,106,95,132,53,97,109,10,77,112,133,70,26,123,70,133,112,133,112,99
"750",77,98,77,113,30,115,105,71,27,54,69,137,69,54,69,137,46,69,46,2,64,50,15,95,23,35,75,122,95,122,35,33,62,44,15,44,15,18,44,15,18,122,95,23,35,95,23,48,47,136,47,136,118,42,90,87,102,120,121,127,132,84,53,121,84,132,36,53,127,135,92,135,21,132,21,132,21,47,48,136,48,132,106,39,40,60,36,16,41,60,41,60,16,41,132,127,47,136,48,53
"751",77,98,77,99,51,56,15,122,18,17,105,124,63,85,28,34,28,139,28,85,28,139,59,52,64,34,64,59,27,138,137,2,46,138,37,3,65,3,22,65,3,65,3,65,3,65,3,65,119,54,67,6,22,3,22,119,65,3,65,119,54,138,69,137,46,69,46,137,67,129,103,111,91,82,64,52,71,27,71,105,11,114,52,128,25,128,98,77,99,51,89,123,70,133,112,10,26,123,70,123
"752",77,10,19,51,19,10,89,26,123,89,10,89,26,89,123,26,112,133,112,133,43,6,129,6,67,88,67,129,20,88,101,72,63,9,101,124,1,116,63,111,2,101,72,124,116,34,28,5,28,139,28,100,8,100,57,100,94,18,75,105,15,7,85,124,63,116,124,1,50,64,139,64,50,34,1,64,9,101,9,2,46,101,2,9,124,101,2,137,131,37,81,64,111,101,137,138,124,111,91,6
"753",77,109,99,62,15,18,105,139,9,1,64,83,51,99,109,77,98,128,43,134,78,6,91,111,6,129,6,91,111,82,93,7,15,90,51,83,64,1,111,1,83,56,62,15,62,44,18,15,56,44,62,44,15,18,105,55,32,29,32,45,29,80,45,80,8,29,125,94,100,105,94,125,32,8,105,94,125,40,48,136,47,21,47,136,97,102,87,42,97,42,58,77,98,58,42,99,56,44,18,44
"754",77,112,70,123,70,123,26,89,26,10,112,98,42,109,98,128,43,128,52,7,4,8,4,8,125,40,36,40,36,106,21,132,106,132,106,21,16,21,132,127,53,127,23,48,8,32,45,55,32,8,4,100,4,8,4,8,95,122,95,23,95,23,95,35,15,62,33,62,99,10,19,99,51,19,10,89,26,89,26,123,89,83,56,15,90,35,75,32,29,80,125,24,125,24,75,24,40,36,41,135
"755",77,98,112,10,112,109,77,109,77,82,98,77,98,109,113,30,113,68,30,113,30,115,105,71,27,92,27,138,67,20,91,134,78,134,6,129,6,129,134,129,78,134,74,3,22,3,81,37,81,25,6,43,128,134,6,129,67,88,124,1,124,1,124,1,93,128,25,64,50,5,50,5,57,125,39,24,125,8,100,105,5,28,4,8,4,8,100,8,4,57,5,7,42,118,99,109,97,136,47,48
"756",77,98,42,98,77,10,89,10,51,99,90,15,62,15,18,75,122,8,4,7,4,34,59,71,105,64,59,27,92,135,40,125,40,125,39,125,24,94,125,29,32,55,105,15,45,80,41,16,21,132,21,132,21,40,55,71,27,59,27,71,59,27,54,131,69,81,37,67,20,107,88,107,9,2,101,107,20,67,2,137,67,129,6,129,6,129,103,20,129,91,82,91,43,128,43,64,93,82,43,128
"757",77,98,43,99,90,19,109,77,98,77,112,89,10,112,133,112,133,70,123,26,123,89,99,109,98,77,109,99,51,99,90,35,33,62,44,18,15,62,105,114,128,64,52,71,105,15,44,15,62,51,19,109,112,98,82,98,77,82,133,112,10,112,26,123,70,123,70,123,89,83,56,124,88,124,116,139,59,139,4,8,4,28,7,64,93,1,85,64,111,91,111,124,116,34,124,1,64,83,51,83
"758",77,98,105,11,114,25,128,25,128,91,103,111,128,74,119,25,128,43,74,43,78,6,43,128,43,91,6,91,20,107,88,101,2,101,46,2,101,137,2,67,88,124,1,124,1,116,34,50,124,116,1,124,1,116,124,111,1,34,4,8,32,8,4,8,100,125,55,40,125,24,75,94,24,125,40,125,40,125,94,24,8,4,100,4,28,64,17,100,105,98,77,98,77,98,77,113,68,30,61,113
"759",77,112,133,112,133,112,133,98,77,10,77,113,30,113,30,113,30,61,30,68,30,68,30,113,30,68,30,61,66,61,38,86,38,86,38,126,66,61,104,38,61,66,61,113,109,77,98,77,98,109,42,105,32,45,32,8,100,5,50,64,2,138,54,138,54,25,119,65,22,119,25,128,114,128,114,11,58,114,11,114,25,114,74,128,52,128,81,37,81,37,25,81,37,6,67,137,69,46,137,67
"760",77,109,90,99,62,15,62,51,99,82,91,129,20,91,82,64,85,28,100,4,8,4,28,7,57,5,7,52,64,82,99,89,26,123,70,123,26,123,70,112,133,112,133,112,10,99,10,89,83,1,116,63,9,2,46,69,138,27,71,92,105,42,97,42,105,58,113,68,30,113,61,113,30,61,66,61,30,61,30,115,49,79,49,31,79,76,79,76,61,113,77,98,115,58,77,99,10,89,83,89
"761",77,10,89,10,99,93,56,93,105,90,35,105,58,115,30,61,13,79,49,31,76,38,126,38,76,38,86,61,66,61,66,31,104,38,130,76,38,104,130,110,86,38,86,61,31,66,126,66,61,66,126,66,31,76,38,86,66,61,66,126,86,38,126,31,76,104,79,76,79,13,79,49,31,79,31,66,31,13,79,76,38,31,66,31,104,49,79,31,126,38,130,38,130,38,76,126,38,126,38,130
"762",77,98,77,87,35,23,102,108,117,97,102,120,102,108,12,108,73,102,120,23,35,23,95,122,95,23,35,95,23,120,23,39,24,94,100,4,32,45,80,60,36,14,84,132,48,21,132,106,21,127,21,41,60,16,60,80,29,80,125,100,5,116,63,9,101,107,88,20,111,83,89,99,51,19,51,99,109,77,99,19,51,56,116,124,116,124,63,124,1,64,85,4,8,48,132,127,48,53,132,21
"763",77,109,77,98,77,98,112,98,99,109,99,56,15,18,44,122,95,35,90,105,58,105,55,125,39,125,94,24,75,18,122,75,24,39,125,55,105,55,27,59,27,92,135,105,52,64,52,128,111,2,101,9,50,64,93,64,42,115,49,115,49,79,31,61,66,31,49,115,49,31,38,86,61,66,61,113,30,115,58,11,58,115,30,113,30,104,31,104,79,13,31,76,38,130,104,31,126,66,126,66
"764",77,98,77,133,98,77,58,42,109,77,98,42,115,105,94,24,39,23,35,33,62,44,51,99,112,109,112,133,112,109,98,112,10,89,123,89,99,82,91,20,103,129,6,91,6,129,103,78,43,64,128,114,64,93,15,55,92,105,15,44,62,99,62,15,62,90,35,75,94,24,75,24,75,122,95,90,35,90,87,90,109,99,51,19,51,19,99,62,99,112,89,10,89,99,51,19,90,105,62,56
"765",77,98,70,133,70,123,70,133,112,133,112,89,83,89,133,112,89,26,123,70,123,70,123,26,70,123,70,133,70,133,70,133,112,99,15,90,62,18,94,18,122,75,122,75,24,39,125,24,94,24,40,135,92,71,59,27,92,55,45,55,105,114,64,15,105,90,87,42,87,15,90,62,33,62,99,90,99,15,62,33,75,122,18,44,56,116,1,9,64,50,34,116,139,63,111,82,111,63,72,124
"766",77,98,77,109,99,62,33,105,58,114,11,58,52,58,11,114,128,25,64,52,128,6,129,103,78,129,6,59,27,59,54,111,91,111,101,88,107,138,27,55,92,71,27,71,27,54,138,69,137,101,88,107,101,2,101,2,64,58,113,109,112,10,112,70,123,26,89,123,70,133,70,123,70,123,89,26,112,77,82,91,129,20,107,88,124,94,24,39,125,80,41,60,41,36,84,53,12,121,14,121
"767",77,98,112,98,115,49,104,79,104,130,38,61,66,61,86,38,130,38,76,38,130,38,130,76,38,31,79,76,61,30,61,31,104,13,31,13,104,38,86,126,38,76,31,126,38,86,66,61,113,30,113,30,113,30,115,58,11,58,42,64,1,116,34,64,82,111,2,137,67,137,131,69,137,138,67,129,6,134,78,129,67,88,107,101,72,124,107,67,54,138,54,119,22,119,74,134,74,6,67,88
"768",77,99,90,35,127,132,41,60,16,41,80,29,80,29,80,60,80,29,45,60,36,60,41,16,41,60,40,55,32,45,41,60,16,41,40,127,53,127,97,127,84,14,121,84,132,16,41,16,132,106,132,127,132,48,95,8,100,125,24,75,105,58,113,30,113,61,66,61,66,61,30,115,49,79,31,13,79,31,79,13,31,104,38,126,31,79,13,76,38,126,66,31,66,31,66,31,66,86,38,76
"769",77,105,55,92,135,92,55,71,105,92,105,114,128,43,128,91,6,78,6,81,54,119,74,119,81,91,111,64,1,107,88,124,88,124,116,34,1,116,124,1,64,52,64,82,1,124,111,101,107,20,103,20,129,6,91,103,91,103,20,107,20,103,111,64,139,85,64,1,9,72,124,2,137,101,2,111,91,111,82,93,116,34,50,34,64,7,5,94,24,94,18,75,122,75,122,15,50,34,64,99
"770",77,98,112,10,89,26,123,26,89,83,51,99,19,90,35,105,52,64,111,101,107,20,129,6,22,74,119,81,54,138,67,88,107,124,111,82,111,91,111,63,111,63,124,2,111,9,85,9,63,50,34,64,83,64,111,107,20,129,6,129,6,91,43,78,134,128,43,128,25,128,43,133,70,123,26,70,133,112,77,113,30,68,31,79,13,49,31,79,13,79,76,38,86,126,66,61,104,68,30,68
"771",77,98,82,128,43,129,78,129,6,91,103,81,37,6,67,6,81,128,43,128,43,98,77,98,77,98,58,7,62,122,95,106,40,125,94,24,94,24,94,125,40,125,40,36,41,80,45,80,45,125,24,94,125,45,55,45,80,55,27,92,55,90,35,102,35,87,90,35,90,109,99,93,64,52,64,85,139,116,34,64,50,9,63,124,111,91,128,82,99,62,44,18,17,100,4,100,15,105,18,105
"772",77,87,90,62,15,56,44,15,62,99,89,112,133,70,133,98,133,98,77,109,98,109,112,98,112,98,115,58,42,118,47,118,42,105,58,77,109,113,30,113,30,104,61,66,126,38,86,38,86,38,73,102,120,23,35,90,109,19,10,51,99,89,123,70,133,112,133,98,42,97,102,108,12,14,84,36,84,132,16,41,45,32,8,32,45,32,45,29,80,41,36,84,14,84,14,84,121,84,36,40
"773",77,98,128,98,77,98,99,56,50,56,44,15,90,19,51,99,90,87,132,106,121,120,23,95,122,44,56,93,99,51,99,82,128,91,128,82,111,64,93,82,64,116,63,9,2,101,72,124,34,1,9,63,9,85,64,99,51,99,10,89,10,51,19,99,51,99,56,51,99,109,98,133,112,133,98,133,70,133,112,98,77,98,112,133,98,133,70,123,26,123,26,123,89,83,56,15,50,64,111,91
"774",77,98,77,98,42,87,42,118,64,99,112,98,133,112,109,77,58,113,30,115,58,42,98,128,64,52,67,6,91,111,2,137,69,46,2,67,88,107,88,107,88,67,2,101,124,111,82,81,37,3,65,22,65,3,65,3,65,3,65,119,25,119,54,119,65,3,81,37,138,54,138,54,138,124,1,124,72,124,107,20,129,20,88,107,138,54,52,81,37,131,137,67,137,2,9,111,2,9,63,111
"775",77,112,10,89,83,89,26,89,123,70,133,112,77,115,49,113,30,61,73,108,12,96,121,12,53,84,16,60,36,106,84,36,40,125,24,75,122,105,100,57,28,34,1,50,5,50,34,1,111,72,111,91,81,37,81,131,37,6,129,67,88,107,138,27,55,45,55,135,47,118,42,77,109,87,97,42,58,42,97,42,58,105,71,27,138,54,138,59,54,81,111,93,56,44,62,90,87,102,97,102
"776",77,58,115,58,105,71,55,27,71,105,71,27,2,138,54,138,67,138,54,138,27,54,138,137,101,88,67,138,54,138,54,9,50,1,34,139,7,62,15,100,4,28,85,9,2,137,67,88,72,101,137,101,137,131,69,46,69,54,138,2,101,46,101,2,137,138,69,131,81,37,81,37,81,128,43,128,74,119,22,65,3,65,119,74,114,119,3,119,128,25,119,74,22,74,119,22,3,65,22,65
"777",77,109,99,10,77,98,77,98,112,98,77,98,112,26,123,70,123,26,70,133,112,10,89,123,70,123,26,123,70,133,70,123,70,123,70,123,89,10,19,51,99,82,43,74,128,119,25,128,43,128,43,128,25,128,43,98,58,42,97,87,42,118,42,97,102,120,121,106,39,23,95,35,127,136,118,117,108,12,108,12,108,73,102,120,102,120,23,39,106,121,96,108,97,42,97,136,127,135,55,105
"778",77,98,64,111,103,91,128,6,134,22,6,91,134,78,134,78,6,129,91,134,22,6,74,134,43,91,93,64,1,64,9,63,1,116,124,1,83,56,93,15,50,5,17,105,58,11,114,11,114,98,133,98,77,109,98,77,98,82,111,72,63,50,64,93,99,10,99,62,99,90,99,10,51,19,99,51,19,99,82,93,56,44,18,105,92,135,127,23,39,95,75,35,95,122,75,17,100,28,139,85
"779",77,112,109,77,98,112,133,70,133,128,134,43,134,6,129,20,129,6,74,119,25,91,103,20,67,20,88,107,88,72,101,9,63,124,111,2,111,82,98,133,112,133,82,93,56,15,18,122,75,24,39,125,94,24,39,40,36,60,16,41,80,29,32,8,32,8,125,94,24,39,106,121,84,132,21,135,40,41,40,60,41,36,132,106,36,106,36,84,14,84,36,40,36,41,36,60,40,60,80,60
"780",77,99,10,112,89,112,109,51,99,51,99,19,90,87,109,97,87,90,109,113,30,113,109,112,109,90,87,102,120,102,120,121,106,23,102,35,95,35,23,106,121,96,121,106,84,127,95,35,23,35,95,122,75,24,95,122,75,17,105,17,135,92,55,105,57,28,57,5,18,44,62,44,18,44,18,62,15,33,32,55,71,27,55,135,17,57,100,4,28,34,116,1,116,34,50,56,93,82,93,56
"781",77,43,128,43,128,105,114,25,52,64,128,43,128,98,112,133,112,133,70,133,112,109,99,64,7,28,7,128,43,134,6,67,138,2,64,34,63,101,2,137,101,137,131,69,46,69,46,69,81,54,138,69,131,69,131,137,46,137,138,59,25,114,74,134,6,129,6,128,82,99,90,105,18,50,34,116,111,124,111,9,85,64,82,93,64,27,64,111,101,2,131,137,101,46,69,131,69,131,69,131
"782",77,112,133,98,64,52,54,81,37,2,101,2,111,9,85,28,7,100,122,75,122,95,24,75,122,75,55,135,47,118,42,99,90,109,98,42,118,47,21,47,136,118,47,118,42,98,112,89,26,89,10,19,62,51,99,90,99,10,112,10,89,99,51,62,99,77,99,64,1,116,139,34,116,124,1,116,124,111,91,111,9,64,93,7,28,5,18,75,35,90,35,23,120,23,106,121,120,102,87,42
"783",77,105,57,28,85,7,42,7,57,100,94,24,94,24,94,24,75,24,94,5,28,7,5,100,4,28,4,8,32,8,100,94,24,75,33,15,105,77,10,112,70,133,70,123,26,89,123,26,123,26,123,70,112,99,42,118,42,118,136,118,47,136,47,118,105,42,105,15,33,62,99,51,99,51,83,89,112,109,99,98,109,112,109,99,56,93,82,99,98,43,128,98,77,98,99,51,83,64,34,9
"784",77,112,133,112,98,43,128,58,105,15,105,118,47,136,48,84,14,84,121,96,121,14,12,108,12,53,84,53,84,53,127,23,120,121,12,108,117,136,117,97,136,47,48,132,21,47,118,105,55,45,105,55,105,17,32,8,125,94,24,94,125,29,125,24,125,94,24,75,95,24,94,100,94,17,57,28,7,50,34,1,50,56,93,99,51,62,15,90,105,90,99,19,51,19,51,99,15,64,82,99
"785",77,98,77,109,113,30,115,49,31,126,66,61,66,86,61,104,79,31,49,79,13,79,31,104,61,30,61,66,126,66,61,76,104,73,61,66,86,38,76,38,86,38,86,38,110,86,38,76,130,38,86,38,86,66,61,66,126,66,126,86,38,126,86,38,76,31,38,126,66,61,31,13,79,31,79,13,31,79,76,126,38,130,104,31,104,130,104,13,79,76,38,76,38,86,38,86,38,76,38,31
"786",77,109,112,77,98,82,91,6,22,3,65,3,65,3,65,3,119,22,119,22,119,25,128,119,22,3,65,119,25,81,54,138,27,138,59,27,71,27,138,54,59,27,92,105,35,90,15,90,35,15,62,99,7,5,50,56,44,62,33,62,15,90,35,122,17,100,94,24,125,94,17,100,57,5,100,57,100,57,7,28,85,28,5,7,57,17,7,128,52,105,114,105,77,58,105,17,105,62,15,56
"787",77,99,64,42,58,77,109,98,128,43,128,64,28,139,28,57,100,5,94,24,75,24,95,122,15,105,17,7,4,100,17,57,17,105,90,105,114,11,114,58,11,114,128,82,128,82,43,74,119,25,128,98,77,99,77,98,82,128,43,128,43,128,52,25,119,65,119,22,134,74,22,65,3,65,3,65,3,65,119,74,119,6,129,6,91,103,81,6,129,103,20,91,134,128,82,91,103,67,88,67
"788",77,112,98,77,112,133,112,109,77,82,99,90,99,51,99,64,52,105,58,115,30,49,115,49,31,79,104,13,79,13,76,38,61,66,61,86,126,38,86,38,130,38,130,76,61,66,76,38,110,130,76,130,104,49,30,61,66,126,66,61,86,110,130,104,31,49,115,49,31,66,31,61,13,76,38,130,38,86,61,86,38,126,38,76,38,130,38,86,38,130,110,86,38,76,13,31,76,13,31,126
"789",77,109,99,19,33,15,56,99,51,83,64,7,64,128,25,114,128,43,128,119,22,65,22,119,37,81,52,6,91,82,128,25,128,134,78,134,74,43,128,43,82,111,63,111,2,101,72,111,64,93,64,114,128,105,42,97,87,102,87,97,42,97,127,136,127,48,23,95,122,75,24,94,24,94,24,94,124,63,34,1,116,1,124,116,124,1,116,1,116,18,122,95,35,95,122,75,24,94,24,125
"790",77,109,77,10,89,26,70,112,10,99,109,77,99,51,99,109,19,109,98,42,109,112,10,19,51,19,99,15,90,35,15,105,18,105,71,105,34,50,5,28,4,100,56,15,62,99,109,42,118,47,118,117,136,117,136,47,21,16,132,106,135,17,105,90,99,19,10,99,51,89,10,99,19,99,19,99,62,33,62,15,44,17,105,71,105,58,11,114,52,59,25,128,25,54,138,137,88,124,107,20
"791",77,99,64,114,74,134,25,119,22,119,22,134,128,119,25,128,91,129,6,103,20,107,88,67,20,67,88,67,137,69,138,2,138,54,69,137,69,137,138,54,138,54,103,20,67,137,131,137,101,46,69,54,81,54,27,138,137,69,131,69,131,69,138,69,131,137,2,101,137,2,67,137,67,137,67,137,101,72,111,63,111,91,103,129,6,91,129,6,91,111,83,56,99,10,112,98,133,70,133,70
"792",77,112,133,112,89,112,133,112,77,115,30,68,104,31,66,86,38,86,38,76,31,104,31,79,104,79,31,66,61,38,126,38,76,79,76,38,76,130,38,61,66,61,31,104,79,13,79,13,76,38,13,49,79,76,79,76,38,130,38,76,61,126,38,130,76,126,66,61,66,61,31,49,30,113,61,30,68,104,38,126,61,113,30,68,30,113,61,30,61,30,68,30,113,30,68,113,61,113,97,42
"793",77,98,109,90,99,77,98,64,1,64,50,64,52,124,50,56,50,56,62,99,82,64,139,34,1,64,59,64,59,64,111,82,93,82,98,77,42,118,42,97,73,102,120,23,132,127,97,30,113,58,98,77,98,43,74,114,11,114,98,77,98,77,105,58,7,5,17,75,95,24,39,95,23,95,75,35,23,35,33,35,127,102,97,42,98,99,90,15,7,17,57,5,28,34,28,7,64,28,5,57
"794",77,42,118,98,128,105,18,122,21,127,135,92,105,15,62,105,71,59,71,52,128,25,128,91,82,111,91,111,63,139,85,64,59,81,52,64,83,56,44,15,56,83,64,93,64,128,64,28,7,28,85,28,124,101,88,67,6,37,81,6,74,22,119,22,3,22,134,74,128,25,119,65,3,119,3,119,81,52,64,93,82,128,133,112,98,77,109,99,51,56,83,56,51,83,51,89,112,133,112,109
"795",77,133,70,123,70,133,70,123,89,83,64,15,62,56,124,116,1,64,111,91,6,111,124,88,67,2,107,88,72,124,107,124,116,63,72,124,116,34,64,82,91,128,6,129,91,111,82,128,6,129,78,129,20,107,88,107,124,9,63,124,1,64,1,124,1,116,139,85,9,111,91,78,134,22,134,6,128,43,98,43,128,43,78,43,78,129,134,22,3,65,22,134,78,134,43,98,77,109,112,89
"796",77,112,133,82,99,109,42,58,11,114,64,85,139,28,139,4,100,4,100,64,52,64,7,57,28,139,85,139,34,64,99,10,19,10,89,112,10,89,10,19,51,56,83,51,89,26,123,70,133,112,133,112,26,89,112,133,112,133,70,123,70,123,70,112,133,112,133,70,123,70,98,128,74,128,6,81,37,81,25,128,98,99,112,10,89,26,123,70,123,26,112,133,70,123,26,89,83,89,10,112
"797",77,109,19,51,83,56,15,105,15,105,32,29,80,60,16,132,21,47,118,15,7,115,113,42,97,23,35,23,95,122,75,95,21,132,21,48,47,135,40,132,84,53,127,132,40,125,40,106,132,21,47,135,40,125,40,39,24,94,100,57,28,57,5,57,100,17,7,50,9,63,139,63,124,63,124,72,111,63,139,116,63,85,9,101,2,138,59,27,71,4,8,29,125,29,45,32,29,125,55,92
"798",77,98,133,70,133,70,123,70,123,70,123,70,123,26,89,123,70,123,70,123,70,123,70,133,98,42,58,77,82,111,124,107,20,88,107,101,137,67,20,103,91,111,63,124,116,139,28,34,1,116,124,64,50,64,34,139,64,111,91,103,81,119,6,129,20,91,111,124,64,34,64,9,64,128,81,37,6,128,134,74,43,128,98,42,115,49,79,49,115,98,58,42,98,15,62,15,62,15,90,15
"799",77,42,87,90,15,62,99,82,128,64,50,5,18,122,75,24,94,24,125,8,125,24,94,24,75,95,39,40,36,106,121,12,108,12,53,121,120,23,132,41,60,36,41,60,80,45,80,8,55,92,71,27,59,34,50,56,93,34,64,52,81,52,64,83,64,7,28,5,17,57,100,8,80,29,8,32,8,125,40,36,41,40,125,39,24,39,106,121,106,132,21,16,21,16,84,36,14,84,14,84
"800",77,98,77,109,10,99,89,26,123,70,123,26,89,83,111,1,64,1,50,56,51,19,90,99,62,15,7,64,34,116,1,9,139,63,9,139,28,57,7,28,34,93,82,128,54,138,54,27,59,71,27,71,105,92,135,47,136,47,136,42,58,52,81,37,131,37,69,46,101,88,107,88,124,116,63,111,82,111,1,124,116,1,124,107,88,107,88,107,88,124,88,107,20,111,91,111,64,128,43,128
"801",77,98,58,11,105,114,74,128,119,22,3,37,81,3,65,3,22,65,3,37,81,131,69,138,59,64,28,57,17,57,100,28,4,100,90,51,83,56,93,82,128,82,111,2,137,101,124,116,63,9,63,111,2,111,63,34,116,34,116,63,124,63,9,64,83,1,83,89,26,123,70,123,70,123,89,51,89,112,89,123,26,70,123,70,123,26,89,123,70,133,70,112,10,51,99,62,33,62,44,56
"802",77,82,43,74,43,128,64,34,116,124,85,139,28,7,28,7,4,8,125,8,95,75,122,75,18,94,5,7,4,7,15,7,139,85,7,28,139,7,93,105,94,17,32,105,11,58,105,118,42,98,43,78,43,91,82,99,98,128,25,119,6,91,103,107,72,124,72,88,107,88,67,88,107,20,107,88,72,88,72,88,20,91,6,134,43,134,6,129,103,129,20,67,138,124,72,111,91,6,129,6
"803",77,42,105,58,115,30,113,77,113,61,66,61,38,86,66,126,66,61,66,126,38,76,130,38,126,38,130,110,86,38,76,79,13,79,13,79,13,79,31,104,38,104,30,115,49,79,49,115,105,58,11,114,11,58,105,15,62,15,90,35,75,24,94,75,24,125,55,92,55,105,42,97,102,120,121,96,108,97,42,97,117,127,136,48,136,117,136,117,136,23,39,24,94,100,8,100,57,5,34,1
"804",77,98,77,58,11,114,128,64,114,74,128,25,128,25,119,25,128,82,99,90,87,77,98,112,89,10,89,10,89,112,133,112,26,123,70,133,70,123,26,89,83,56,99,62,33,62,99,109,77,113,68,30,113,30,113,30,68,30,113,61,66,31,79,31,13,76,130,38,130,104,30,68,31,79,13,31,104,68,31,49,30,104,130,76,38,86,110,38,76,79,13,79,104,68,30,68,104,79,104,79
"805",77,115,30,68,30,115,30,115,105,62,33,62,44,15,18,94,24,75,24,94,24,94,24,94,18,44,56,83,1,111,82,43,128,82,93,99,56,83,56,15,62,15,105,32,8,32,105,55,45,80,29,45,29,32,8,100,94,24,94,24,125,40,125,24,39,125,40,41,36,84,14,12,108,12,14,84,36,41,36,106,120,23,106,39,40,125,40,125,39,106,36,14,84,127,48,40,135,92,71,139
"806",77,109,77,98,133,70,133,70,123,70,123,70,133,112,10,112,70,123,26,123,70,26,123,70,133,112,133,112,98,42,87,90,105,32,29,80,55,32,17,105,71,27,71,27,71,27,71,99,93,56,99,90,105,58,7,128,43,91,20,103,20,103,20,107,88,2,101,9,63,124,72,9,101,9,85,7,105,55,92,55,125,100,4,7,118,42,87,97,87,42,87,35,75,122,18,75,95,23,106,40
"807",77,98,43,128,43,78,43,98,58,11,114,119,22,3,119,22,3,22,74,128,43,128,91,111,2,27,71,105,92,71,27,71,27,71,55,105,35,90,19,51,83,1,64,15,64,98,128,64,28,105,71,105,42,118,47,136,47,136,47,136,47,135,92,105,114,11,58,105,32,29,125,94,125,32,8,4,100,28,5,18,105,95,75,55,32,8,32,8,32,29,125,8,29,32,55,71,27,59,27,2
"808",77,113,97,87,109,77,58,105,18,105,71,55,71,92,55,135,47,136,117,108,117,136,127,132,48,132,21,48,21,132,41,60,41,60,80,41,40,125,8,32,8,32,8,29,45,29,32,8,29,80,45,55,45,80,29,32,8,4,8,4,8,4,32,8,4,32,29,80,45,32,80,29,125,80,29,80,125,29,8,32,105,55,45,80,45,55,17,5,28,57,100,28,64,99,51,19,99,90,77,109
"809",77,58,105,92,27,59,27,55,135,92,32,105,71,55,105,100,57,28,57,100,17,100,94,50,5,50,28,57,4,8,32,8,32,105,42,99,93,56,83,56,83,56,93,64,7,58,113,30,113,109,99,82,43,128,43,91,43,91,128,25,134,91,6,129,6,129,20,67,37,69,137,2,67,2,124,2,101,111,138,54,67,129,134,3,65,3,119,54,69,46,2,138,54,128,64,52,64,34,139,7
"810",77,58,42,98,133,112,10,112,10,89,26,89,10,19,99,109,112,98,77,109,99,90,35,23,35,127,53,12,121,106,39,125,40,106,14,12,108,97,102,73,102,97,127,48,8,32,8,95,132,53,84,121,106,36,41,40,60,41,132,106,40,36,41,132,21,127,132,106,53,84,53,84,48,127,135,125,40,125,8,100,94,125,55,45,105,93,64,9,1,9,63,124,116,34,116,34,116,63,111,107
"811",77,98,42,71,92,55,32,45,8,32,17,135,21,132,40,135,40,135,92,105,15,62,51,44,15,62,99,62,122,18,105,18,44,56,64,34,28,5,50,56,15,124,116,63,124,50,1,34,1,9,101,72,63,72,88,101,137,67,20,107,88,107,20,88,72,63,111,63,9,111,43,134,6,129,6,129,6,129,6,91,111,101,9,111,83,51,99,93,56,93,82,111,82,111,83,56,83,64,99,98
"812",77,112,98,109,113,58,105,114,74,3,65,3,22,74,3,65,119,65,22,6,129,6,134,22,119,65,3,6,134,129,6,67,137,101,2,101,72,101,107,88,107,124,1,64,34,139,64,50,64,59,27,54,69,131,69,46,69,131,69,46,101,72,63,116,63,116,34,63,111,91,25,119,114,25,128,98,77,98,112,133,98,82,111,63,116,1,124,72,124,116,1,34,64,93,15,7,139,64,34,28
"813",77,109,77,109,97,127,132,84,132,53,12,53,132,84,53,48,47,136,118,136,118,105,75,24,39,40,39,23,95,8,32,92,27,59,64,111,124,1,34,64,28,85,7,52,105,45,80,45,80,60,41,36,84,53,14,84,36,84,53,12,53,84,132,48,21,132,21,127,53,48,40,135,47,136,118,15,87,102,35,90,105,92,105,90,15,56,99,93,56,44,15,64,34,116,34,63,139,7,15,18
"814",77,87,109,51,56,44,122,18,44,18,44,18,122,75,55,40,55,45,32,29,45,32,45,41,60,80,60,41,60,80,60,36,40,125,40,135,40,125,32,45,29,32,29,80,45,32,29,32,45,80,60,16,41,40,55,105,62,99,90,35,90,105,8,29,80,45,55,125,40,125,8,32,45,29,80,60,40,125,40,60,41,60,41,60,41,16,132,21,132,127,53,14,84,48,53,102,87,90,109,112
"815",77,10,51,19,51,99,51,109,97,136,47,21,132,48,53,48,132,40,125,8,29,45,29,8,32,17,100,95,120,23,95,122,95,125,94,24,75,24,75,24,75,62,33,62,99,51,99,42,98,112,98,77,82,91,111,64,67,137,69,46,2,101,124,72,111,2,101,137,69,138,27,138,54,27,138,54,59,27,55,27,92,55,40,125,40,125,94,100,4,28,57,8,55,17,57,17,7,15,62,122
"816",77,109,42,105,122,95,106,21,47,118,47,118,47,136,42,117,12,108,12,53,48,47,48,21,132,48,21,127,102,87,42,97,102,120,121,96,121,84,36,132,41,36,106,36,40,55,92,105,92,71,55,15,33,35,90,35,95,75,95,106,21,48,47,21,40,60,80,45,80,29,125,40,24,125,40,36,60,16,21,132,16,21,16,60,40,125,55,17,57,7,4,100,125,40,55,125,55,90,35,33
"817",77,109,90,33,62,122,44,62,105,71,105,122,44,18,94,24,94,125,24,94,24,75,62,15,62,99,51,19,10,89,83,89,26,89,83,51,109,99,89,26,123,70,123,70,123,89,26,89,26,123,70,123,70,133,98,77,99,51,10,112,98,99,56,99,10,19,109,99,51,99,19,10,112,98,64,114,11,114,105,62,99,10,51,19,10,19,90,35,33,62,90,55,92,32,8,29,45,29,80,45
"818",77,98,77,98,58,11,58,115,30,68,30,68,30,61,38,126,86,38,86,61,66,61,113,68,30,113,109,90,15,122,35,102,120,121,96,120,121,14,121,96,102,120,102,120,23,120,121,106,36,132,21,40,60,80,60,16,36,41,60,41,40,125,29,80,45,80,45,80,45,41,40,39,24,94,18,122,18,122,35,122,95,75,24,105,64,50,34,50,34,116,124,88,107,111,138,54,138,54,138,137
"819",77,98,42,117,136,118,42,118,42,98,112,98,42,105,90,109,112,98,77,98,99,77,98,133,70,123,26,10,112,10,89,26,89,112,133,112,98,93,82,98,77,98,77,98,77,98,43,91,43,128,43,78,43,128,25,54,119,114,11,114,105,62,15,7,15,7,4,34,64,139,59,27,55,17,100,57,100,4,100,105,128,25,134,78,129,6,129,6,74,119,54,138,27,71,27,59,71,27,59,83
"820",77,98,82,64,7,64,1,116,1,116,56,83,89,26,89,112,89,112,133,112,133,70,123,26,123,70,123,70,123,89,112,98,133,70,123,26,123,70,123,70,123,70,123,26,123,26,123,70,133,70,133,112,133,98,77,98,118,105,35,105,58,98,82,99,51,83,56,83,9,101,2,9,64,59,71,27,92,71,27,59,138,54,69,54,69,54,138,54,137,67,2,137,2,137,69,54,138,2,124,111
"821",77,109,113,30,115,30,104,79,115,64,52,128,43,128,43,128,43,98,77,98,58,42,58,115,49,115,30,113,30,115,49,115,30,115,30,49,115,113,68,30,61,66,126,38,126,66,126,38,86,126,38,126,76,104,130,76,38,130,38,126,38,86,38,61,66,61,31,79,13,31,68,30,115,49,31,79,49,30,61,66,61,66,126,38,126,38,104,30,115,98,109,99,112,98,115,58,64,50,5,28
"822",77,98,70,123,26,70,133,70,123,70,133,112,89,26,89,123,70,123,26,123,26,123,26,123,70,123,26,89,123,26,123,26,89,26,89,83,89,10,26,123,70,26,123,26,123,70,133,98,82,91,111,1,83,89,123,26,123,70,133,112,26,70,133,70,133,70,133,70,123,70,123,70,133,112,109,51,99,82,128,25,52,67,20,107,138,101,72,101,88,107,111,72,63,116,64,85,28,64,1,124
"823",77,109,112,133,70,123,70,133,70,123,70,123,89,10,112,26,123,70,133,112,133,112,98,77,99,51,90,51,109,90,99,109,42,87,102,120,102,97,73,108,96,121,120,23,35,90,15,18,122,75,24,75,122,18,5,28,85,128,43,128,25,119,128,81,111,103,129,6,22,119,22,134,78,134,6,25,128,114,128,114,64,34,64,111,63,111,91,6,91,103,20,129,78,129,6,81,37,81,37,67
"824",77,112,133,70,123,26,89,112,133,112,26,70,133,112,10,89,99,56,99,15,64,34,64,93,5,34,116,63,124,101,124,116,124,116,1,34,116,63,111,72,124,111,9,83,51,99,93,99,109,90,99,62,33,15,90,127,136,48,84,16,41,60,41,16,60,41,36,40,45,80,60,36,40,36,40,135,40,60,16,21,132,106,40,106,121,108,97,42,97,117,108,12,108,14,84,14,12,53,127,53
"825",77,109,42,118,47,21,132,95,122,95,106,132,21,47,136,48,136,118,136,117,108,12,108,102,120,23,127,97,127,53,48,84,36,84,106,121,120,102,23,120,106,36,60,80,8,29,80,41,36,60,41,132,21,40,125,40,125,24,39,24,39,125,40,45,41,16,53,12,53,127,136,47,118,105,128,25,52,64,34,64,50,34,63,116,63,111,91,111,91,81,119,25,119,25,74,6,134,74,25,54
"826",77,99,90,33,35,122,105,114,128,91,67,20,88,107,101,63,9,85,64,82,99,98,58,42,109,90,99,90,105,92,71,27,59,27,9,34,1,34,116,1,64,9,63,85,139,116,64,34,116,34,116,1,64,27,71,105,100,94,125,29,80,41,60,80,45,8,29,8,4,100,4,32,105,58,105,15,56,93,82,111,91,20,107,88,124,116,64,1,82,93,128,25,119,54,69,138,69,131,81,37
"827",77,99,62,44,18,15,7,139,28,57,100,105,11,58,105,114,64,34,64,27,59,82,99,64,7,118,136,47,48,127,35,33,62,122,95,106,132,16,36,60,41,60,16,84,53,106,132,21,132,16,41,80,45,55,71,27,59,27,92,135,55,32,55,17,75,24,95,75,35,90,99,62,122,8,100,17,124,111,116,1,50,64,52,58,115,105,55,135,41,80,125,8,32,125,40,45,80,60,41,40
"828",77,98,77,109,98,42,118,136,47,118,136,48,136,127,35,90,35,90,105,15,62,56,83,56,44,56,51,99,10,112,98,114,11,114,105,58,11,58,98,112,10,99,109,112,109,19,10,19,51,99,83,111,43,128,64,9,111,72,111,64,34,64,114,11,114,128,25,128,81,37,81,64,2,67,107,88,20,107,88,107,124,116,34,50,34,50,56,83,116,34,50,34,50,34,116,124,72,101,9,101
"829",77,58,11,58,52,105,18,95,23,102,97,87,42,58,7,42,87,97,42,127,135,21,47,21,132,48,47,135,18,94,24,125,8,48,127,53,84,36,84,48,84,132,21,47,135,47,136,47,21,132,53,48,47,21,106,36,53,84,14,84,121,120,121,106,23,95,23,39,23,95,122,18,44,15,63,124,116,124,54,81,37,81,111,1,50,34,50,56,64,93,34,50,15,56,93,64,59,139,64,93
"830",77,99,90,95,35,90,99,62,44,122,75,24,39,24,125,40,125,55,27,92,27,59,64,25,119,54,128,82,128,25,119,25,128,52,128,74,6,91,128,6,134,78,134,74,134,6,91,128,43,128,82,99,90,99,90,35,23,39,23,95,90,55,18,15,7,4,28,124,101,2,111,1,64,93,99,19,51,99,51,83,56,15,62,56,93,99,51,99,19,51,19,90,99,90,105,28,7,15,90,35
"831",77,98,128,6,134,22,119,54,111,2,67,131,69,46,69,131,81,37,81,37,81,37,138,54,119,25,128,25,128,74,43,78,134,22,6,81,37,81,119,81,54,25,128,43,128,43,103,20,103,111,82,93,57,5,50,7,85,64,52,67,6,128,82,93,56,93,56,62,33,35,95,106,21,132,41,60,80,60,41,36,84,53,48,53,48,53,48,47,21,132,106,36,41,16,21,132,21,132,106,132
"832",77,113,104,31,104,13,79,104,79,13,104,130,38,130,110,38,76,104,68,104,38,76,13,79,13,79,31,104,130,104,68,30,113,30,115,49,79,13,31,76,126,86,38,130,76,38,76,38,126,38,110,86,66,126,38,104,31,104,130,38,130,38,76,79,49,115,58,77,43,93,82,128,43,111,128,43,78,134,129,6,81,37,81,131,37,67,129,67,138,137,101,124,72,101,137,69,131,69,137,2
"833",77,98,112,77,109,87,35,75,32,8,125,80,32,4,8,29,125,29,80,60,16,41,135,40,36,41,60,36,84,36,40,39,24,94,100,95,35,33,62,99,83,56,93,56,93,82,99,87,127,40,135,47,136,48,53,117,118,42,118,42,58,98,77,89,109,90,35,90,35,23,120,102,87,35,62,15,32,55,41,60,41,60,41,60,80,45,29,80,45,80,29,125,39,24,39,40,41,16,21,132
"834",77,105,90,105,71,92,71,27,71,27,59,138,54,69,46,137,101,124,64,1,83,51,83,56,93,64,7,64,111,72,101,137,138,137,2,101,137,2,101,9,63,116,34,116,9,101,137,2,137,131,69,46,69,131,69,46,69,138,54,81,6,129,6,67,91,6,91,20,88,72,111,64,111,91,67,6,129,6,111,91,103,91,134,128,43,78,43,78,43,134,43,128,25,128,114,98,133,112,133,112
"835",77,113,61,38,76,130,38,126,66,86,66,31,13,31,66,61,38,61,30,61,104,31,79,68,30,104,68,30,113,30,61,113,30,113,58,11,114,6,129,103,20,129,20,107,101,124,116,1,34,139,34,50,34,64,34,124,1,116,124,116,34,59,52,128,82,99,42,58,42,97,87,97,42,58,105,128,134,6,129,103,91,6,134,128,43,128,114,64,83,56,44,56,93,1,64,56,93,15,62,15
"836",77,98,109,10,19,99,62,122,75,95,35,95,122,75,24,75,95,122,44,56,101,88,107,111,1,116,1,83,51,99,56,93,56,15,44,56,15,62,15,62,99,118,47,136,127,53,84,14,121,96,12,108,12,108,117,108,12,53,12,108,117,108,12,121,12,121,96,108,12,108,12,108,117,136,127,53,12,108,12,121,84,53,48,84,36,40,125,94,24,40,132,21,106,132,16,84,53,127,21,48
"837",77,99,112,98,77,98,133,98,112,89,10,89,70,123,26,89,26,123,70,123,70,26,89,112,109,10,19,99,15,18,44,62,15,18,17,57,17,105,35,95,122,18,44,15,99,19,99,56,83,64,93,56,99,42,118,47,48,132,21,127,102,120,102,120,121,96,121,106,40,48,117,108,12,108,127,53,108,96,121,106,40,36,106,36,60,80,29,8,29,32,29,80,45,80,29,32,105,15,44,62
"838",77,109,99,44,56,99,62,99,82,99,62,33,35,102,120,102,73,97,42,77,42,98,42,118,47,136,117,53,127,97,108,102,97,102,73,87,132,21,106,40,41,36,84,121,120,23,120,23,95,122,75,24,94,100,8,32,105,15,62,105,5,50,64,111,124,116,139,34,28,139,28,85,9,64,25,128,82,111,9,2,46,101,72,111,1,124,88,107,20,88,101,2,101,72,124,116,34,116,1,64
"839",77,109,42,98,42,127,23,95,35,33,35,23,35,132,84,53,36,53,14,53,96,121,53,84,36,60,16,84,36,106,121,14,53,84,14,121,120,23,120,106,40,48,84,132,48,53,127,95,120,23,35,90,35,102,35,33,35,127,132,21,132,106,39,24,125,40,125,24,39,24,39,40,60,41,60,36,106,95,15,50,34,116,1,82,111,72,111,91,128,82,99,71,105,55,45,80,45,80,45,55
"840",77,98,133,98,109,77,98,112,133,98,82,111,83,64,139,28,34,1,83,93,64,85,9,2,64,52,64,93,56,44,62,44,18,44,62,99,82,111,138,67,131,54,81,37,137,101,2,111,81,3,22,119,37,138,37,81,37,46,2,101,137,101,137,69,137,69,46,69,137,67,137,67,88,54,69,54,81,111,63,124,72,101,137,67,88,107,88,107,124,88,72,124,101,2,111,91,134,3,22,134
"841",77,98,77,109,113,68,30,113,61,30,68,113,104,79,104,68,30,68,104,61,66,61,113,61,30,104,68,30,113,58,42,64,52,128,114,7,87,109,97,87,35,87,90,87,97,136,47,135,21,132,106,132,21,16,36,106,125,39,40,36,106,95,75,24,75,122,75,94,100,17,105,55,105,55,45,41,16,60,41,36,60,41,132,16,21,132,21,135,17,122,95,39,24,75,18,122,75,105,15,93
"842",77,109,99,42,118,105,42,90,35,135,40,21,132,95,23,95,122,18,122,95,39,23,106,121,106,127,97,136,47,118,42,115,49,31,13,61,66,31,66,61,66,61,66,61,113,61,104,130,38,126,86,61,113,30,61,38,126,31,66,126,61,66,61,66,31,38,130,76,130,104,13,31,104,30,61,66,126,66,61,86,66,61,38,126,38,126,66,126,38,130,104,31,76,13,76,79,31,49,79,31
"843",77,109,90,55,45,32,29,80,8,125,40,36,40,135,127,35,75,24,94,8,32,8,4,7,28,85,9,2,137,131,137,46,101,124,116,64,50,56,83,51,83,64,83,89,10,112,98,112,89,83,51,83,56,124,64,82,111,63,124,116,34,64,128,119,54,69,137,46,69,131,69,131,69,138,27,71,27,54,138,67,2,111,64,59,64,58,42,64,1,107,20,88,137,2,67,137,2,111,64,52
"844",77,87,109,98,58,77,109,90,87,109,99,90,87,42,118,105,15,62,7,105,128,93,56,83,64,111,63,116,63,116,64,1,64,1,64,98,77,113,30,97,87,42,58,105,58,115,42,58,113,61,66,126,86,38,130,38,76,38,86,126,38,86,38,86,38,126,38,126,38,104,31,79,31,49,115,58,11,114,64,111,63,124,116,56,93,82,93,82,64,93,64,50,1,50,9,101,9,72,88,107
"845",77,109,87,42,118,47,21,47,48,53,12,14,84,121,96,121,120,106,40,41,16,60,80,45,32,45,29,125,39,106,121,120,102,120,102,120,121,120,96,121,84,53,84,36,41,16,41,60,41,36,53,132,21,135,92,55,125,80,41,16,132,106,84,36,60,36,84,53,84,14,84,106,121,84,16,21,132,21,132,21,106,23,106,36,106,40,55,135,105,15,122,18,75,95,106,40,106,23,39,125
"846",77,98,42,109,112,109,99,82,64,42,97,102,108,117,136,47,136,47,118,136,118,42,118,42,58,115,49,31,104,31,76,31,49,31,126,38,76,38,130,38,130,38,126,38,130,38,86,66,126,38,76,104,49,79,13,38,86,38,86,66,126,66,126,38,130,38,126,38,13,79,31,104,49,115,98,77,105,52,64,34,1,64,52,128,64,93,64,83,56,83,56,116,63,85,28,57,17,100,8,4
"847",77,109,99,51,89,26,89,26,123,26,89,83,64,139,116,124,116,1,116,1,124,1,64,128,43,78,134,74,119,25,64,15,7,15,62,99,93,82,91,129,67,6,91,129,6,91,6,129,103,111,64,34,116,124,116,139,64,57,5,50,64,1,116,64,82,91,6,81,64,82,1,50,34,50,34,50,5,4,8,4,100,57,100,57,5,50,34,1,116,124,18,44,18,75,24,105,32,92,105,114
"848",77,99,83,89,123,26,70,133,70,133,112,133,112,109,98,112,98,77,109,77,109,99,56,15,18,44,62,15,44,15,18,94,24,39,95,132,23,39,24,94,105,58,115,30,68,30,104,31,13,79,31,126,66,61,126,76,38,130,38,104,61,66,61,66,61,104,13,31,49,31,76,38,126,66,86,66,61,66,31,66,61,113,30,68,30,104,79,49,115,105,58,11,114,52,64,63,111,64,9,85
"849",77,98,82,99,109,113,61,113,30,68,104,31,38,61,38,130,38,126,38,126,86,38,126,38,104,31,104,38,86,38,130,38,110,38,110,130,38,130,104,31,61,66,61,66,126,38,76,38,76,126,38,126,66,126,66,61,66,126,86,66,126,38,126,38,76,126,86,110,86,38,76,31,79,31,104,49,79,31,61,30,68,30,61,66,126,38,126,38,110,86,38,86,38,76,38,130,104,130,38,126
"850",77,109,77,98,77,98,43,103,111,20,107,88,124,107,20,103,91,111,9,85,139,64,7,128,64,34,50,124,107,101,9,101,9,111,2,101,111,91,82,128,25,128,82,91,111,81,54,137,101,72,101,137,46,137,2,111,124,116,34,139,85,124,107,20,129,52,128,43,74,119,74,134,6,22,65,3,65,119,22,119,25,128,43,128,25,52,81,54,138,54,119,74,128,37,6,67,2,101,88,124
"851",77,98,77,98,77,109,51,99,51,99,62,99,51,10,89,51,99,62,44,15,56,44,122,18,15,64,52,128,98,133,98,133,98,133,98,112,10,112,10,19,51,19,109,77,98,112,133,112,10,89,26,112,10,99,19,51,99,62,51,99,109,42,97,42,115,49,115,105,92,55,92,27,71,92,55,135,40,125,94,100,125,94,24,94,24,94,18,5,7,64,139,64,139,85,139,28,85,28,139,116
"852",77,109,77,112,77,98,112,133,112,133,98,109,77,98,82,111,64,52,64,128,114,128,114,98,77,98,133,70,133,112,133,70,123,70,133,112,109,77,98,77,109,99,93,64,111,64,99,109,19,99,109,77,98,114,74,119,3,74,22,119,25,128,43,74,114,105,118,136,47,118,42,87,42,99,89,26,89,26,70,123,89,26,123,70,112,133,98,114,74,128,91,111,103,91,111,107,88,107,20,67
"853",77,109,87,127,53,127,53,14,84,106,36,60,40,125,94,24,39,24,94,18,55,18,44,18,75,122,62,15,62,15,105,58,105,90,19,109,77,99,62,33,35,23,95,75,95,23,95,24,39,106,132,106,36,41,132,21,132,41,80,41,16,84,36,106,121,14,121,84,14,84,36,106,53,117,97,42,97,87,102,120,102,120,102,108,127,132,40,21,132,84,48,21,122,75,94,5,34,28,139,85
"854",77,109,99,56,93,99,62,99,90,99,109,90,109,77,98,43,134,74,134,43,78,129,6,91,111,2,137,69,137,67,37,138,137,67,20,107,88,107,9,83,56,51,56,93,98,114,98,43,128,25,119,65,3,22,74,134,22,134,6,91,20,103,91,103,91,78,129,6,134,6,129,20,88,124,116,111,81,54,119,3,119,128,91,20,88,107,20,103,54,25,6,134,78,6,81,37,67,6,128,25
"855",77,109,99,98,77,98,99,82,111,72,101,2,46,69,131,69,46,69,131,69,54,138,137,131,137,46,137,2,101,72,111,20,91,6,37,138,54,138,137,101,2,131,69,137,2,137,54,25,52,64,111,2,137,46,69,37,81,6,129,20,25,20,111,101,88,101,88,107,88,107,20,103,129,91,6,134,91,103,91,111,91,111,82,99,19,10,99,82,128,43,134,74,114,128,25,119,22,134,22,134
"856",77,98,77,105,32,8,80,41,16,21,106,21,47,118,99,19,10,19,33,90,35,23,95,122,95,75,32,29,45,60,41,80,45,29,32,8,100,4,8,80,29,45,55,27,138,54,9,101,137,2,101,72,111,124,1,64,93,56,50,34,64,1,64,42,118,42,58,115,49,104,130,38,76,38,61,31,38,86,38,86,38,76,79,31,104,31,66,61,66,126,66,61,66,61,30,113,97,87,97,87
"857",77,109,42,109,98,133,112,98,58,52,64,85,63,34,50,5,50,5,57,28,139,85,139,28,85,9,101,9,1,9,63,116,63,116,63,116,63,124,116,124,116,1,116,56,83,89,99,109,77,98,109,19,51,90,95,23,120,121,96,121,120,121,106,132,41,80,60,16,21,132,21,132,84,36,84,16,36,53,84,14,121,120,121,96,121,106,84,132,21,132,21,106,40,24,125,24,75,17,105,15
"858",77,98,112,109,77,98,77,115,58,98,112,133,70,26,89,26,112,133,112,89,26,123,26,89,26,123,26,123,26,123,70,123,26,112,133,70,98,77,105,71,27,59,27,54,67,88,124,1,64,34,116,1,34,116,124,72,63,116,34,64,52,58,42,97,102,108,96,12,108,12,53,96,121,127,21,127,117,108,12,108,12,127,95,35,33,15,56,44,18,94,100,17,105,62,99,62,18,15,56,51
"859",77,98,112,133,70,112,133,112,98,112,70,123,89,77,98,77,112,89,26,123,26,123,26,123,70,123,70,133,112,26,112,89,99,10,99,56,50,34,1,64,1,64,52,64,1,116,1,124,72,101,9,101,2,46,137,131,69,131,69,137,67,2,9,63,111,20,88,107,72,111,91,111,124,72,88,67,88,67,88,20,107,88,72,9,107,88,107,101,72,111,72,124,116,9,1,9,64,25,128,52
"860",77,42,118,42,136,42,98,112,133,128,82,111,63,9,139,64,58,77,98,133,70,112,77,109,42,98,43,128,64,58,11,105,90,87,102,87,42,105,15,122,75,95,8,4,8,100,57,17,57,7,28,64,52,128,43,128,25,128,119,65,3,65,3,22,3,65,3,65,3,65,119,25,128,25,128,105,17,105,55,125,8,29,45,29,8,29,32,29,80,29,8,100,7,15,62,44,122,44,62,44
"861",77,112,133,128,25,128,25,20,91,103,20,67,6,67,137,138,69,54,138,27,138,54,138,54,119,74,128,111,63,9,85,28,7,4,7,64,114,119,3,65,3,65,3,65,3,6,129,6,91,129,6,129,6,25,6,74,134,129,134,43,128,81,37,81,119,25,128,91,111,81,119,74,3,37,6,134,22,74,6,134,78,43,78,43,78,103,129,78,103,91,129,78,129,103,91,43,128,59,64,34
"862",77,10,89,51,89,83,56,44,56,93,56,99,62,99,56,44,15,18,94,100,28,139,85,1,124,28,5,28,7,28,4,100,94,24,94,17,135,40,24,39,24,75,24,39,24,94,24,125,55,45,80,29,32,105,92,105,42,58,77,98,112,98,128,54,138,107,124,116,139,7,139,28,4,8,32,29,80,60,41,60,80,29,8,4,28,139,85,7,4,8,32,29,80,41,36,60,41,40,125,29
"863",77,42,105,90,62,33,7,128,114,11,58,77,109,90,99,51,19,99,109,99,90,105,114,11,114,11,114,25,128,43,74,134,22,119,81,119,22,65,3,65,119,74,22,119,25,129,6,134,78,43,77,99,51,99,62,51,99,62,15,62,15,62,44,62,15,122,75,24,125,100,8,29,32,29,45,32,8,4,32,15,44,62,44,62,51,10,19,10,77,109,77,109,112,109,42,113,30,68,31,49
"864",77,133,89,112,99,128,81,54,119,25,64,9,101,111,64,1,107,88,67,137,131,137,67,129,103,6,134,6,91,111,103,91,88,107,124,116,124,63,85,28,85,28,34,116,85,111,138,69,46,69,46,137,131,54,138,54,2,9,72,63,111,83,51,99,109,87,132,36,106,39,125,29,32,29,32,55,17,100,4,28,7,64,83,51,99,42,64,9,63,9,64,85,9,101,63,9,111,101,46,2
"865",77,109,112,98,77,109,19,10,99,87,99,109,19,51,44,18,105,15,33,35,132,35,90,35,95,106,135,40,41,132,16,41,132,41,36,60,80,60,80,29,80,45,55,40,135,47,136,47,136,47,136,47,48,84,132,106,14,12,108,127,48,127,121,120,121,120,121,96,12,108,12,14,84,121,120,121,96,12,121,120,23,35,95,122,75,18,15,33,62,15,118,99,82,64,93,64,7,50,56,99
"866",77,98,112,133,70,123,70,123,26,89,10,19,51,99,98,133,112,109,113,77,112,70,123,26,123,26,89,10,89,51,83,56,99,51,56,15,62,15,90,99,105,17,5,18,17,57,100,8,122,95,8,125,40,106,21,132,21,47,127,132,106,121,106,121,120,121,12,14,84,36,41,36,84,132,127,48,127,95,23,95,23,106,40,45,18,15,62,99,112,109,113,30,61,66,86,38,13,76,126,66
"867",77,109,19,33,35,127,48,47,136,47,48,132,48,127,106,121,84,106,39,106,36,84,14,53,84,132,106,121,84,14,84,53,127,48,136,47,118,105,58,11,58,42,117,108,96,121,108,102,120,121,14,84,36,41,106,36,106,132,21,132,84,14,84,14,36,106,21,132,106,23,95,23,95,24,39,40,60,40,36,84,48,21,135,55,71,27,59,27,71,59,93,56,44,15,56,93,71,27,59,67
"868",77,99,109,51,10,19,10,99,56,83,89,112,133,112,109,112,133,112,89,26,89,10,89,10,89,70,133,112,133,70,123,70,133,98,115,64,1,116,124,111,91,20,111,2,124,116,124,107,124,72,111,91,6,129,6,81,37,6,129,6,67,88,124,1,116,34,116,34,63,116,1,116,1,116,34,116,1,116,1,111,82,98,42,87,102,120,102,120,23,120,106,84,16,21,47,118,47,135,40,125
"869",77,98,42,58,7,57,17,5,7,5,17,100,57,17,57,100,17,57,5,17,57,28,139,63,111,72,111,91,103,43,128,91,111,82,93,56,99,56,83,56,62,99,90,99,56,15,122,18,122,75,24,39,24,94,24,39,125,39,40,36,106,132,16,84,14,84,121,53,84,132,21,47,127,53,121,96,121,120,102,97,42,97,127,136,53,12,108,73,61,113,30,61,66,86,38,126,66,126,38,126
"870",77,109,77,98,42,58,42,64,85,9,63,124,50,34,64,93,56,93,56,93,56,93,82,43,134,43,128,52,59,1,50,5,7,139,85,4,28,5,50,64,81,54,138,54,27,92,105,15,105,15,62,15,64,139,34,50,34,64,81,69,54,138,107,20,103,20,129,67,137,67,137,101,124,1,116,1,116,1,116,1,50,34,116,34,50,5,17,57,7,87,102,23,39,23,35,75,24,40,24,125
"871",77,109,77,99,98,77,109,112,133,112,133,70,123,26,123,26,89,112,133,98,109,97,87,99,90,109,97,87,42,118,42,87,102,120,102,108,12,108,102,23,35,75,122,15,62,15,7,57,28,7,85,28,7,50,64,34,50,5,28,139,64,7,28,100,17,5,34,116,1,116,1,116,1,116,139,34,7,50,64,52,64,114,52,64,50,5,7,4,8,4,8,32,105,35,33,35,122,18,17,55
"872",77,98,109,97,87,53,132,84,53,108,73,102,87,97,42,97,108,12,108,120,23,120,23,120,102,108,117,53,127,53,127,117,127,132,40,125,94,100,8,32,105,42,87,42,113,30,68,31,38,104,79,13,104,30,61,38,126,66,61,30,61,38,126,38,130,104,79,76,13,79,49,31,79,104,130,38,86,66,126,31,104,31,104,61,31,49,115,30,104,38,110,130,38,104,31,13,38,126,38,126
"873",77,98,112,98,77,42,118,136,47,21,132,127,97,87,35,95,122,95,35,23,120,23,120,102,12,53,48,53,12,108,102,97,87,109,99,10,89,83,64,116,1,34,50,5,18,17,57,5,50,64,9,2,46,69,131,69,131,54,25,119,22,134,78,134,6,129,6,91,103,20,25,6,128,91,111,91,64,93,64,34,64,114,11,58,113,61,38,126,38,130,38,86,38,86,126,38,126,38,76,38
"874",77,98,112,98,115,30,104,61,31,49,79,31,13,104,130,38,31,13,31,104,30,68,30,113,58,97,87,15,44,56,62,33,19,109,77,99,51,99,10,109,77,98,43,78,43,128,43,128,25,119,25,128,82,111,91,93,99,19,10,99,93,64,1,34,50,56,15,122,18,62,15,99,77,98,114,11,105,128,82,128,52,64,34,116,124,107,88,67,138,101,72,111,1,9,101,2,137,69,138,54
"875",77,109,42,97,127,135,40,106,95,106,121,84,132,21,106,121,96,121,96,121,120,23,120,121,53,84,53,127,48,40,125,29,80,29,125,100,8,125,8,4,8,100,28,5,57,100,8,125,40,55,40,135,92,135,92,55,105,55,92,71,27,55,71,105,114,128,114,11,114,128,98,133,112,10,51,109,99,118,42,118,42,87,42,87,102,120,23,95,132,84,53,12,14,121,84,14,84,132,106,95
"876",77,112,98,43,128,52,7,52,81,52,64,93,56,99,19,10,89,26,123,70,123,89,26,70,26,123,70,123,70,133,70,123,70,133,112,98,133,70,123,26,89,26,123,26,70,123,26,10,99,112,133,112,133,112,70,123,70,123,26,89,26,89,10,112,133,112,98,99,98,42,64,83,89,10,51,19,109,77,109,97,42,109,99,42,117,127,97,42,97,42,118,47,118,136,47,136,47,135,92,105
"877",77,133,112,10,19,99,93,82,91,78,43,128,74,119,22,65,22,119,65,3,65,22,119,74,134,74,128,114,11,114,52,54,138,124,116,63,116,34,116,124,116,1,116,63,116,1,9,111,124,111,64,34,50,64,83,1,56,83,89,83,56,50,34,1,64,139,63,139,28,85,9,111,91,43,74,134,43,134,22,74,114,64,85,28,7,4,28,57,100,28,85,139,28,100,8,32,4,57,100,94
"878",77,98,43,128,25,128,105,11,114,25,1,116,34,1,107,111,6,67,6,37,131,69,54,138,27,71,105,55,92,105,42,64,139,64,93,99,56,83,64,1,34,50,5,17,100,94,24,94,24,125,94,5,50,1,64,34,64,28,4,8,29,8,45,29,32,8,32,55,92,32,29,80,41,36,40,36,106,36,55,27,59,27,59,27,59,71,128,25,128,6,111,9,101,2,137,2,137,101,2,46
"879",77,98,42,97,42,87,97,127,132,53,84,132,21,127,132,84,14,12,53,127,97,108,102,97,87,97,42,58,42,77,98,112,109,77,109,77,98,109,42,87,90,35,95,75,122,18,75,122,18,105,17,57,28,139,34,116,63,116,1,34,64,139,116,34,116,1,107,20,129,6,91,111,1,64,2,137,101,9,116,34,64,128,64,93,99,51,99,62,33,62,105,58,42,97,87,90,33,62,15,56
"880",77,98,133,70,133,123,89,26,89,99,51,99,44,18,62,15,56,93,56,62,44,18,55,105,15,18,44,15,62,64,139,7,105,32,4,8,4,7,5,94,24,94,24,125,40,39,24,39,24,125,40,55,105,71,27,2,9,93,83,56,7,57,17,18,122,35,105,15,93,56,99,118,136,118,105,71,59,27,55,105,90,99,90,99,90,99,90,99,90,15,7,5,28,100,57,8,29,80,41,135
"881",77,98,112,133,98,112,133,70,123,89,51,89,83,1,64,27,71,27,71,27,59,64,83,64,52,64,139,7,139,116,63,116,63,111,64,93,56,116,1,34,50,5,94,17,18,44,18,44,18,122,75,17,18,44,18,100,17,105,114,98,77,99,51,99,51,83,28,4,8,32,55,92,27,138,54,81,37,81,128,43,128,81,37,138,137,69,138,124,107,2,131,137,67,138,54,81,37,6,134,91
"882",77,43,128,43,78,129,20,107,88,67,88,101,88,101,137,138,27,64,34,64,93,64,52,64,93,56,44,18,105,55,40,106,36,16,60,41,135,47,48,47,135,127,35,33,15,18,122,18,105,45,29,8,4,8,125,94,125,80,60,40,60,80,29,125,57,5,17,94,24,94,75,35,23,120,102,108,97,109,99,62,33,62,33,62,15,62,33,62,19,10,26,123,70,123,26,123,70,26,123,26
"883",77,98,109,10,99,109,90,109,112,133,70,123,70,133,98,93,7,50,5,18,15,18,17,100,17,100,94,24,94,100,57,8,29,32,92,135,40,135,92,105,52,128,43,128,25,119,22,74,25,119,81,37,81,111,64,1,64,59,27,71,27,138,54,81,37,131,69,131,2,64,115,30,113,109,90,99,82,64,128,25,128,25,128,25,119,81,37,6,128,37,81,6,129,20,129,6,91,6,22,3
"884",77,98,42,97,108,102,35,87,97,102,87,42,105,92,135,32,92,27,138,54,119,25,128,25,128,25,128,43,78,43,134,43,91,20,67,6,129,67,138,54,138,2,137,2,138,67,20,67,88,124,63,124,107,124,88,124,116,34,64,128,82,99,19,51,56,116,1,124,111,91,103,129,6,128,43,128,43,128,64,9,72,63,116,63,9,107,20,67,64,50,56,83,64,83,89,123,89,99,109,99
"885",77,109,77,42,97,42,87,42,136,97,127,23,120,102,120,102,120,121,106,132,21,106,36,106,127,21,132,21,106,132,21,132,48,53,132,21,47,118,47,21,16,60,41,36,84,53,127,97,136,118,105,55,45,32,8,29,32,55,45,55,92,135,40,36,60,41,60,36,84,36,40,125,39,24,75,122,18,55,40,127,48,127,117,108,117,12,108,97,87,42,97,136,127,48,21,132,16,41,55,45
"886",77,109,112,133,98,112,10,99,51,62,33,35,75,24,39,24,75,95,75,18,122,18,75,17,57,7,15,90,99,10,89,26,123,26,10,19,10,99,44,56,93,83,56,51,83,99,42,87,90,99,51,19,33,62,15,105,71,27,71,55,17,57,28,100,29,8,125,24,94,125,8,4,8,32,8,32,45,80,29,8,4,100,57,17,100,4,8,29,32,29,32,8,32,29,125,55,40,39,40,125
"887",77,58,98,77,109,99,93,56,50,15,64,139,34,64,83,64,116,1,64,1,116,63,116,15,18,17,18,122,95,75,24,94,100,28,34,64,52,81,6,91,6,128,114,7,57,5,28,85,28,4,105,17,75,122,35,127,117,108,12,108,121,84,121,12,108,102,96,121,12,108,73,104,31,13,31,104,61,30,113,109,77,98,77,42,118,47,136,127,21,16,41,45,80,41,60,41,80,41,60,80
"888",77,87,102,120,102,120,121,120,23,35,87,42,58,11,114,64,9,107,138,27,71,105,35,95,122,95,122,75,24,94,24,39,23,35,127,40,106,121,84,53,84,14,108,117,97,102,35,87,90,99,112,10,112,10,26,89,123,70,26,112,133,112,109,98,42,118,42,58,77,98,133,112,10,89,112,133,70,133,70,123,26,10,19,109,99,56,44,18,44,18,44,62,15,18,122,15,56,62,44,15
"889",77,109,77,109,77,98,82,133,112,109,112,109,77,98,105,15,42,87,90,15,90,62,44,62,15,62,99,89,26,123,70,123,26,10,109,99,90,15,62,90,109,99,51,109,77,112,133,70,123,26,89,123,70,123,70,123,26,123,26,70,26,89,51,99,82,111,82,128,43,128,25,119,22,134,128,43,128,74,134,129,6,67,88,107,88,107,20,103,20,103,91,134,6,78,134,43,134,78,134,74
"890",77,109,87,97,42,118,136,47,118,47,136,47,48,127,48,40,39,125,8,125,8,4,8,32,29,45,55,90,42,87,102,108,97,87,42,98,77,98,77,98,109,87,90,15,62,15,44,15,56,99,109,113,30,68,30,115,49,115,30,115,49,115,49,115,49,30,113,30,61,66,61,104,130,76,38,126,38,86,38,126,38,86,38,86,126,31,76,38,86,38,130,38,110,38,126,38,86,38,130,38
"891",77,98,42,87,97,127,97,102,87,102,96,121,96,121,12,108,12,108,96,53,84,132,48,53,127,136,117,127,35,90,35,102,120,102,120,102,35,132,21,16,84,53,127,48,21,47,136,97,117,136,42,97,102,120,102,120,106,95,35,23,102,87,97,113,30,113,109,19,51,89,26,123,26,89,99,98,114,128,6,78,43,134,22,134,74,119,54,138,54,119,74,3,65,119,22,3,22,74,119,74
"892",77,109,51,56,62,7,5,105,35,95,122,75,62,15,44,62,35,90,109,98,77,98,77,109,19,51,109,19,51,83,64,52,7,28,139,64,93,56,62,33,62,15,64,7,5,57,4,100,4,100,57,17,55,40,55,125,55,40,125,24,75,24,125,80,29,80,29,80,60,41,60,36,40,125,55,40,125,39,125,40,125,40,41,60,45,80,29,125,24,105,100,29,80,29,32,125,40,125,39,24
"893",77,98,128,91,6,67,138,54,138,54,119,22,6,91,111,64,43,74,119,25,64,52,114,128,25,114,98,114,105,55,105,71,27,55,135,55,135,55,71,105,114,128,43,128,91,111,91,6,129,67,137,2,137,69,131,137,69,54,138,69,131,54,138,54,81,37,81,37,138,6,138,107,124,94,100,4,28,7,17,57,28,139,64,85,9,27,71,59,27,59,6,129,6,138,69,131,54,81,6,129
"894",77,98,64,93,64,52,64,1,64,93,56,99,56,83,64,34,50,5,57,17,57,7,28,85,64,7,64,59,138,2,111,101,137,67,137,46,69,54,138,54,138,54,27,138,54,81,69,54,124,107,88,67,20,88,107,2,111,91,128,52,64,114,128,43,98,43,134,6,67,129,67,91,129,6,91,111,91,128,43,128,74,6,129,6,129,6,128,134,128,25,52,64,93,64,83,64,93,82,91,111
"895",77,112,89,51,99,62,18,15,62,15,105,15,62,33,35,90,105,32,45,8,4,7,139,85,28,139,28,57,17,57,28,64,93,64,2,107,9,2,137,46,69,46,69,131,69,46,69,137,101,88,20,103,81,37,131,137,131,69,46,101,2,9,72,124,1,116,34,50,94,24,40,60,41,16,41,16,36,40,55,135,55,105,118,42,97,113,61,30,68,30,113,97,136,118,105,90,35,90,109,77
"896",77,98,128,82,128,64,52,105,58,42,118,47,21,132,106,84,14,84,14,53,84,132,21,47,118,7,4,8,100,4,57,28,4,8,4,32,105,58,128,114,98,133,112,98,77,109,77,98,112,98,112,133,70,123,70,133,70,133,70,123,70,133,70,89,112,133,98,133,70,123,26,123,89,99,87,35,90,87,73,102,97,102,120,102,53,12,108,12,53,84,16,36,41,36,135,47,136,47,48,127
"897",77,109,42,118,47,136,47,135,40,135,40,8,32,105,58,42,97,87,97,117,127,53,12,121,106,95,24,94,24,94,100,4,100,28,5,18,94,75,17,57,100,57,4,8,100,8,32,8,32,8,125,94,24,94,18,94,100,28,85,139,64,93,105,32,8,29,8,4,28,57,28,34,64,93,56,15,105,90,35,122,75,105,71,105,15,62,99,15,105,58,42,97,42,58,97,108,102,120,102,108
"898",77,58,105,71,52,64,34,124,72,124,88,67,37,131,137,131,137,69,137,2,101,111,82,93,99,10,89,83,89,51,99,82,91,82,93,99,89,26,10,99,19,51,99,90,105,5,17,94,125,24,94,64,1,63,124,72,63,139,64,93,64,34,116,124,107,124,34,64,82,128,25,128,52,81,37,81,6,129,25,119,81,54,119,65,3,65,3,134,6,22,3,65,3,37,3,74,114,105,71,55
"899",77,98,42,87,90,105,17,94,64,93,27,54,27,71,27,59,83,89,83,59,83,64,9,72,88,107,20,67,6,134,74,128,25,119,74,128,43,78,43,128,74,25,114,64,111,63,85,64,42,118,105,118,105,58,105,71,105,15,50,64,93,124,88,67,88,107,88,107,88,67,6,119,81,119,74,134,78,43,128,64,7,42,97,102,108,102,120,102,97,87,42,97,87,109,98,99,51,109,90,19
"900",77,58,11,114,98,43,128,25,81,37,81,128,52,64,59,25,52,6,91,128,98,133,70,123,70,123,70,123,26,123,70,123,26,123,26,89,112,133,70,123,70,123,70,123,70,123,89,10,19,99,118,42,109,77,109,77,82,6,134,6,81,37,81,37,81,37,81,103,129,67,129,67,20,88,107,88,67,2,137,101,137,101,2,101,124,85,9,101,72,124,88,137,54,138,107,72,88,67,129,6
"901",77,109,42,118,42,99,89,26,89,83,51,109,90,51,99,15,18,100,125,40,41,36,106,36,84,53,84,36,106,127,53,127,135,47,118,105,18,122,95,35,90,87,35,90,33,62,15,18,75,95,40,36,106,132,21,48,53,132,21,106,132,41,36,60,16,60,16,60,40,24,94,18,105,45,80,60,36,84,53,12,53,12,53,117,42,118,47,135,125,40,24,75,122,15,105,92,55,40,132,84
"902",77,98,128,82,99,93,82,128,25,128,91,111,6,128,98,77,109,77,98,77,98,118,105,71,55,40,106,40,135,47,48,117,127,42,118,105,42,105,92,55,105,58,105,18,17,75,122,17,57,4,8,32,8,125,40,135,92,71,92,55,90,35,90,87,102,120,121,14,84,14,121,106,84,53,127,40,125,40,125,40,125,40,21,47,136,47,118,105,55,45,80,29,80,60,40,106,23,120,121,84
"903",77,99,56,62,15,7,35,95,75,17,105,75,122,75,95,39,24,39,24,94,24,94,24,94,24,75,24,75,122,75,24,75,95,132,21,16,41,16,60,80,29,8,95,35,23,120,102,35,87,42,98,112,98,112,98,43,98,93,128,98,42,58,11,114,128,134,129,78,134,78,43,128,81,37,131,69,46,69,46,69,131,37,81,37,3,81,37,6,37,119,25,128,134,22,134,78,129,6,129,67
"904",77,99,62,15,9,101,2,111,82,98,112,133,112,98,42,115,30,113,61,66,61,31,126,38,86,66,61,113,61,38,126,38,86,38,104,61,31,13,79,104,38,76,38,126,61,66,86,66,61,126,76,38,76,13,104,130,38,31,113,30,68,30,113,97,136,47,21,16,41,60,80,29,32,45,55,45,40,48,127,48,53,84,132,87,97,42,118,105,90,42,118,47,48,21,127,136,47,48,53,12
"905",77,99,10,19,10,19,99,112,133,112,109,112,133,112,70,123,26,89,70,123,26,89,123,70,133,112,77,109,51,99,90,33,75,95,75,24,40,125,24,75,35,90,99,56,99,51,99,112,10,89,99,10,99,90,19,10,99,51,56,1,64,34,116,34,116,1,124,111,64,15,94,75,122,75,24,75,33,90,19,51,99,109,77,109,98,112,10,77,98,77,19,90,109,51,62,15,90,87,42,136
"906",77,42,77,99,51,83,64,7,57,5,7,17,55,105,55,40,125,24,75,122,94,100,94,18,75,94,125,24,125,100,94,5,18,44,18,116,1,116,63,9,1,9,107,124,72,101,9,85,28,139,116,34,64,93,64,34,50,5,50,5,18,15,64,93,9,63,124,116,34,7,4,100,4,57,4,8,4,8,32,29,80,41,40,125,40,36,53,121,96,108,97,102,120,23,120,102,53,96,121,106
"907",77,98,77,113,30,113,61,66,61,66,61,38,130,38,61,66,126,66,86,110,130,38,130,38,126,38,86,126,38,76,38,86,38,76,38,130,104,68,30,115,49,79,13,76,38,130,76,13,79,104,130,38,130,104,130,104,30,113,30,68,113,61,66,86,38,126,61,104,130,79,104,79,76,79,31,126,66,61,113,30,115,49,104,130,104,38,130,104,30,68,30,61,30,115,49,115,49,30,61,38
"908",77,113,30,113,30,113,68,30,61,38,61,66,61,30,115,58,42,113,30,68,113,61,104,31,126,31,66,126,66,126,66,126,38,130,104,30,113,30,68,30,113,115,77,109,77,82,93,15,18,44,62,15,62,33,15,44,62,44,18,105,11,114,52,7,50,5,105,94,100,28,100,8,4,57,100,57,64,1,64,34,116,34,64,85,139,28,5,57,28,5,50,64,93,15,7,5,7,57,28,5
"909",77,113,109,112,109,87,102,23,48,136,117,102,35,95,122,95,122,44,18,75,32,45,80,60,41,80,45,32,92,71,105,32,45,29,80,29,32,105,114,64,59,71,59,138,54,138,69,46,69,137,67,91,81,37,81,37,138,54,59,27,71,52,64,1,116,111,124,116,63,111,91,128,114,98,43,74,134,6,103,20,67,137,69,46,69,137,69,81,37,138,137,69,137,131,37,81,119,22,3,114
"910",77,99,90,109,77,98,99,62,7,35,95,75,18,75,24,94,24,75,35,75,24,95,18,83,64,59,138,54,138,27,92,71,105,58,77,98,109,90,87,97,136,47,135,92,55,92,105,90,99,56,64,59,52,71,27,59,139,28,57,7,139,28,5,18,15,18,122,95,35,90,99,64,93,82,99,51,99,82,98,112,77,98,77,98,109,77,98,112,133,70,123,26,89,123,26,89,10,99,19,51
"911",77,98,77,98,77,98,82,111,64,93,56,62,15,95,23,120,106,132,106,36,132,84,14,84,121,106,95,23,39,24,94,18,83,9,111,72,124,63,116,111,124,1,124,63,124,64,9,2,101,2,67,137,101,2,67,20,67,6,67,91,6,129,6,81,103,111,107,124,2,111,81,128,43,134,128,134,74,43,78,43,133,112,109,19,10,19,10,99,77,58,64,83,56,44,122,44,15,56,93,64
"912",77,98,112,89,51,89,99,42,87,35,90,62,44,15,35,105,75,62,44,56,93,83,56,93,82,93,56,50,15,105,42,109,10,51,19,51,83,64,128,64,83,1,116,124,101,9,72,111,9,64,83,51,19,10,99,10,19,90,15,90,19,99,44,15,62,56,93,64,43,134,78,134,74,134,74,114,128,74,6,129,67,54,119,22,3,65,3,37,131,69,137,101,124,138,27,92,135,92,55,92
"913",77,10,99,62,33,62,99,109,77,98,112,89,83,9,101,72,88,124,101,137,67,88,101,137,131,137,69,46,137,131,69,137,69,138,54,119,37,131,69,46,137,131,69,131,69,131,69,131,137,131,67,88,137,67,88,67,103,91,111,82,98,77,42,118,42,58,11,58,105,32,29,45,80,60,40,135,92,27,55,92,55,45,41,40,125,24,39,106,132,48,47,118,105,17,55,92,55,125,8,32
"914",77,113,30,61,104,31,13,31,104,38,86,66,61,30,61,113,109,77,98,77,98,77,42,109,42,105,32,55,71,92,55,135,92,55,92,55,90,109,77,112,133,70,26,10,19,51,99,51,99,90,99,51,99,10,19,10,89,109,77,98,42,118,47,136,97,117,136,47,118,42,127,132,48,53,84,36,60,80,29,32,125,40,106,40,127,21,135,55,32,80,29,32,45,80,125,24,125,24,39,106
"915",77,112,133,43,78,43,128,91,103,91,6,67,88,124,1,9,2,101,2,64,82,111,91,43,78,43,128,6,129,6,81,6,81,3,119,81,37,81,37,6,103,91,6,129,6,91,111,91,82,98,42,118,42,98,114,64,17,124,63,85,7,90,105,35,90,33,35,95,106,132,21,132,21,16,21,132,21,48,53,84,53,84,106,36,135,106,40,135,47,136,118,99,118,42,97,73,97,87,90,99
"916",77,109,87,102,35,87,102,108,12,108,117,108,12,108,12,53,84,53,48,136,127,53,127,87,102,87,42,117,136,47,136,53,84,53,84,53,132,84,36,106,40,125,8,32,8,4,8,32,29,45,29,32,29,45,41,60,41,60,80,29,125,24,39,23,95,39,125,40,36,41,60,45,55,92,71,27,59,64,50,1,64,99,62,35,90,109,77,42,117,136,127,108,96,121,14,84,121,120,106,121
"917",77,112,98,133,112,133,112,133,70,123,70,123,89,99,10,19,10,89,26,89,112,10,112,77,98,133,70,123,70,123,26,89,10,89,123,70,26,123,26,89,112,99,51,19,51,99,10,89,10,89,10,19,10,112,109,77,98,77,98,109,99,62,15,62,44,18,44,15,7,139,85,64,114,74,43,98,128,91,6,134,78,91,6,81,37,81,111,107,88,67,6,134,6,129,6,91,111,91,128,43
"918",77,98,77,109,19,99,43,99,112,98,133,70,123,26,89,10,19,10,19,90,109,77,109,99,62,75,18,100,57,28,139,7,15,32,45,32,105,92,105,90,35,95,35,90,15,122,75,122,75,122,18,105,15,44,62,15,62,33,75,95,75,122,62,90,109,113,30,115,49,115,64,93,82,71,105,18,5,7,64,1,34,64,111,2,137,2,101,137,138,67,129,20,88,72,111,2,67,88,124,100
"919",77,98,77,112,89,10,89,83,56,50,34,116,34,50,5,7,114,25,114,64,93,82,43,91,111,91,43,128,43,78,134,22,74,3,65,3,65,3,65,22,74,119,3,65,3,37,3,22,119,74,134,22,119,74,119,25,128,119,74,119,22,65,3,22,3,65,3,6,22,3,119,74,119,81,3,65,3,119,128,81,6,91,128,25,64,1,64,34,139,28,139,85,9,64,50,34,64,93,82,91
"920",77,98,128,43,133,70,123,70,26,123,70,133,128,43,74,6,134,74,134,22,3,119,54,138,54,27,64,85,64,34,28,4,28,85,64,42,87,97,42,99,10,89,26,112,89,26,123,70,123,70,89,10,112,133,112,89,99,10,99,90,105,114,105,71,105,15,105,95,122,18,122,75,95,122,95,23,120,121,108,12,121,96,12,108,117,136,42,109,90,35,23,120,23,120,121,120,23,120,121,120
"921",77,98,77,109,99,82,43,128,43,128,82,128,43,128,81,37,6,129,134,128,82,85,28,5,18,44,18,15,62,33,75,122,18,122,95,35,87,102,87,42,87,97,113,30,113,30,104,38,130,76,126,38,76,38,104,130,38,130,38,31,38,130,38,110,130,104,76,79,49,113,77,98,112,133,70,123,26,89,83,56,83,64,93,64,82,9,85,124,72,101,137,2,46,69,131,69,54,27,59,27
"922",77,109,77,58,42,105,100,4,32,105,55,92,55,40,24,125,94,24,94,125,24,39,106,23,95,24,94,24,125,135,127,21,127,42,109,77,109,77,98,77,99,42,77,109,112,133,70,133,112,89,10,51,99,51,62,99,90,15,105,15,93,91,6,74,114,119,114,11,58,105,122,95,122,75,95,75,24,75,95,35,87,97,42,98,43,128,25,54,138,54,138,37,81,54,25,119,74,43,128,74
"923",77,105,55,71,105,58,42,98,128,25,52,64,83,89,10,112,89,26,123,70,133,112,98,77,98,109,77,109,98,99,112,98,64,128,64,50,34,116,34,64,52,25,128,43,128,64,34,64,114,105,71,105,17,94,100,4,85,139,28,7,62,15,105,77,109,90,99,90,19,99,89,10,89,26,70,123,26,89,123,70,123,70,123,70,123,26,123,26,10,99,89,10,51,99,90,99,90,105,7,57
"924",77,98,128,114,64,82,99,90,35,75,24,40,135,47,136,42,77,98,112,133,70,123,26,89,26,123,26,89,112,133,70,123,70,123,70,133,98,105,55,92,55,45,32,45,32,8,32,8,4,7,64,99,10,77,105,45,55,105,42,97,102,87,109,87,109,90,35,90,33,62,15,105,114,64,1,64,93,99,51,99,62,19,51,19,10,19,10,112,89,99,19,10,26,123,26,123,70,123,89,51
"925",77,98,112,89,26,112,133,112,133,70,123,70,133,112,133,112,77,82,111,91,128,114,128,82,99,51,10,89,112,133,112,133,112,98,99,51,90,105,58,42,98,58,42,97,108,117,53,127,87,109,51,99,90,15,122,18,44,15,18,44,15,50,7,15,122,35,87,42,87,42,98,58,42,98,93,99,82,128,52,25,128,98,118,47,21,132,106,121,120,121,96,121,12,96,121,84,14,121,106,36
"926",77,10,89,10,112,109,77,99,90,51,19,51,83,9,85,139,64,99,90,35,127,87,42,113,30,113,30,61,38,76,130,76,13,104,30,61,38,73,108,12,96,121,120,23,120,23,95,105,32,55,135,40,132,21,132,106,39,95,23,127,48,42,98,77,98,42,7,15,90,99,62,122,62,15,64,7,85,7,28,4,28,85,9,2,101,72,88,101,9,111,64,139,116,56,83,89,26,70,133,70
"927",77,112,133,112,98,133,112,133,98,109,77,109,98,77,109,42,118,98,58,105,58,42,87,97,42,87,97,113,97,87,90,35,33,62,33,51,99,89,51,109,112,133,98,99,82,128,105,11,58,115,30,68,30,104,130,79,49,31,79,31,13,104,31,49,30,61,38,86,38,76,38,130,38,76,13,79,76,79,76,38,86,38,130,38,104,30,61,30,68,30,113,97,42,87,109,77,109,98,77,10
"928",77,109,90,33,19,90,62,15,90,99,56,93,56,44,15,99,56,83,93,63,124,1,9,116,34,50,56,83,56,50,64,128,114,128,25,81,128,25,119,25,119,81,37,137,69,137,67,88,67,20,67,88,124,56,64,83,51,19,90,99,51,56,83,51,10,99,98,77,98,77,109,98,133,70,112,133,112,109,77,109,77,42,87,90,99,19,99,82,99,93,64,52,64,9,101,9,2,101,88,107
"929",77,113,30,113,61,38,13,31,79,49,115,79,49,115,49,115,49,115,58,105,55,135,47,21,41,106,121,96,121,117,136,48,84,36,14,53,84,53,14,12,108,127,53,12,53,12,53,84,53,132,106,121,14,84,14,84,36,41,36,41,60,41,16,60,45,41,16,41,16,60,40,132,21,132,102,108,12,121,132,106,135,55,40,125,24,94,122,105,128,43,128,6,103,20,107,116,139,28,4,8
"930",77,109,19,33,62,51,19,10,112,133,112,77,98,77,98,99,77,98,58,105,58,42,64,7,42,118,136,42,136,117,53,127,132,106,132,21,132,36,84,53,127,132,21,122,75,18,15,62,35,90,19,51,19,51,56,83,56,83,1,64,111,64,59,27,92,105,90,99,56,83,89,51,99,89,123,26,123,26,89,10,112,133,112,109,42,97,87,102,120,121,120,23,95,35,55,27,59,56,62,15
"931",77,98,42,109,77,109,99,98,133,112,99,19,99,51,83,51,99,90,35,75,122,44,18,44,18,94,18,15,18,122,75,24,75,95,132,53,132,21,106,132,16,36,40,125,40,106,21,48,47,118,42,127,95,122,95,127,21,47,48,84,36,106,121,84,106,132,21,16,41,135,40,24,39,125,40,41,60,16,132,36,84,14,84,132,21,132,21,132,41,36,14,84,53,84,16,41,21,132,48,47
"932",77,109,99,109,99,98,42,118,136,48,127,84,53,84,121,96,12,108,96,108,96,121,12,121,106,132,21,132,23,35,105,71,92,135,92,71,55,45,80,45,80,125,40,21,47,136,97,127,21,106,121,96,108,12,53,84,14,84,36,132,84,132,135,127,48,136,48,127,84,14,53,48,132,21,16,60,41,132,127,97,42,117,108,12,108,12,108,12,96,121,120,121,106,40,125,40,125,39,23,102
"933",77,58,105,55,17,100,17,100,4,8,29,80,41,16,36,60,80,29,45,60,41,80,45,29,8,125,40,106,132,21,106,121,96,12,108,96,121,12,108,121,106,132,21,132,106,132,95,8,100,17,57,28,50,64,99,56,83,1,116,63,124,85,9,85,139,28,7,15,7,4,7,28,7,15,8,80,45,80,45,60,41,16,84,14,106,121,14,121,120,121,96,102,87,42,118,47,21,132,21,127
"934",77,112,109,113,30,68,30,68,30,68,30,68,104,113,30,113,30,113,61,31,79,31,79,104,79,49,79,49,31,13,79,31,104,31,13,79,31,79,13,31,76,130,104,31,13,76,38,126,38,86,126,66,61,66,126,38,130,38,104,31,76,31,104,61,104,68,30,68,30,61,126,38,130,38,130,38,76,79,49,79,13,79,104,30,113,109,51,99,90,35,90,15,99,51,90,15,18,122,75,95
"935",77,109,77,109,42,98,77,109,112,98,112,98,77,109,77,109,90,64,105,18,75,94,100,57,100,4,8,32,105,115,49,115,30,115,58,105,114,119,25,128,43,78,43,74,134,78,134,22,65,22,65,22,119,25,134,43,78,129,6,129,6,91,20,107,88,107,124,116,1,34,1,116,9,64,1,83,64,34,64,27,59,64,85,9,2,101,137,67,137,2,137,2,137,67,138,2,111,1,9,64
"936",77,98,42,118,47,21,106,120,102,87,35,127,47,136,47,136,48,132,16,41,80,45,80,60,16,41,60,40,39,125,8,125,40,36,84,16,36,16,41,132,48,127,97,42,118,136,97,73,108,96,108,12,121,96,121,96,121,120,102,108,102,35,95,75,24,125,100,4,32,29,80,45,80,45,55,27,59,71,82,93,64,34,50,64,1,64,1,64,1,64,50,7,42,87,42,87,90,51,89,83
"937",77,98,42,117,12,108,12,108,12,108,73,97,42,87,97,102,97,127,53,121,120,23,120,23,87,109,42,77,99,93,56,93,56,64,50,34,64,25,54,81,37,137,67,6,91,82,99,82,99,51,90,109,42,109,90,35,33,19,51,99,51,83,99,56,51,83,64,93,98,77,98,112,133,112,89,26,89,26,123,26,89,10,19,10,89,51,99,51,19,90,42,118,47,135,105,92,105,32,8,125
"938",77,98,133,112,133,70,123,70,133,82,64,98,77,10,89,26,89,112,98,99,51,99,10,19,109,19,10,99,90,99,90,109,113,97,108,96,108,73,87,127,53,48,21,40,41,16,132,90,95,122,75,95,39,95,35,23,120,23,95,122,105,62,15,18,15,105,8,4,28,139,28,100,18,94,124,107,88,107,124,111,64,111,1,111,9,64,93,64,52,64,93,82,111,9,111,64,9,101,107,138
"939",77,98,77,112,77,98,77,109,77,43,134,129,6,129,6,67,6,81,37,3,22,134,43,128,98,133,70,133,70,123,26,123,70,26,112,133,98,42,87,97,102,120,102,120,23,120,102,120,121,14,84,36,84,121,12,53,16,41,60,36,84,14,84,16,36,40,125,94,125,94,5,18,17,100,4,8,100,8,100,57,5,57,4,139,28,64,93,128,43,78,134,74,22,3,65,3,65,3,114,11
"940",77,112,98,112,10,19,10,89,26,123,70,123,70,123,70,123,70,123,70,26,123,70,123,70,133,98,109,77,98,77,109,99,109,90,35,95,106,132,95,75,122,75,94,24,94,125,39,24,125,24,75,18,44,18,75,17,94,64,114,105,18,44,15,62,44,18,44,51,99,82,64,25,128,82,43,128,52,128,64,50,5,28,4,8,29,125,8,32,8,100,5,94,100,8,32,45,55,105,114,11
"941",77,98,42,64,114,11,114,98,82,99,89,26,123,70,26,123,89,10,89,83,56,1,124,72,63,9,101,137,67,137,54,81,131,69,46,69,137,101,9,111,72,111,82,111,64,7,99,42,98,42,113,97,42,98,112,98,99,10,112,133,70,123,70,123,26,89,26,123,26,123,26,123,70,133,98,105,32,105,58,115,99,10,26,89,83,56,116,34,64,114,11,58,105,15,99,51,62,15,7,57
"942",77,113,30,113,30,68,113,42,113,109,90,87,42,97,87,42,118,47,21,132,106,39,95,122,75,24,40,21,132,16,84,48,127,53,14,84,121,106,40,21,48,132,84,14,53,117,97,108,12,108,73,108,12,96,121,106,36,106,121,96,121,106,132,21,47,118,136,42,7,57,17,100,57,17,57,100,4,8,32,4,100,4,32,29,45,60,41,60,45,29,8,4,8,125,55,75,18,122,18,44
"943",77,98,43,64,9,63,72,101,88,67,20,129,103,20,91,6,91,128,119,3,65,119,65,119,128,37,138,54,119,25,128,64,28,7,34,85,63,116,34,64,85,4,100,94,24,75,35,102,120,106,36,106,36,132,106,132,21,47,118,42,136,118,105,42,109,113,42,87,102,120,23,95,75,122,18,5,17,5,124,9,63,124,72,111,64,83,93,56,51,83,64,34,50,64,1,50,64,139,9,1
"944",77,98,77,82,91,6,128,111,72,101,2,138,67,88,101,2,101,137,67,20,129,20,111,124,63,116,1,116,1,116,124,82,128,25,119,65,22,65,3,22,3,65,3,22,119,22,3,65,3,65,3,119,81,37,81,37,6,129,6,25,119,25,128,43,74,119,25,119,74,119,22,119,22,134,78,129,6,74,134,6,67,54,81,37,67,6,67,37,128,64,124,111,20,107,20,103,20,103,20,81
"945",77,109,77,42,58,11,114,11,114,25,74,43,128,134,74,119,6,67,129,6,103,111,116,1,124,101,2,101,137,67,129,6,91,6,134,78,6,91,111,124,101,2,111,2,101,2,111,91,6,37,81,91,103,91,6,3,65,119,65,119,22,74,119,25,119,74,134,74,43,78,134,78,129,6,67,6,129,91,111,124,116,63,116,124,116,9,83,51,19,89,83,56,93,99,10,112,70,123,26,123
"946",77,113,61,38,126,66,61,86,110,86,38,126,31,104,130,38,130,38,61,66,126,38,86,38,126,38,126,66,61,31,104,79,76,13,79,104,130,104,130,38,61,30,113,61,31,66,31,13,104,76,13,76,31,76,79,13,31,79,76,13,31,104,130,110,38,61,30,68,30,115,49,115,98,82,128,74,22,65,3,65,119,3,65,22,119,22,74,134,6,134,74,134,6,129,6,134,43,128,43,128
"947",77,98,99,42,136,47,48,127,53,121,106,40,135,92,55,105,55,105,90,35,33,62,64,42,58,42,118,52,67,20,88,137,46,137,46,138,69,131,137,101,2,46,69,131,137,2,131,137,67,88,107,88,72,124,107,88,67,129,67,88,67,88,72,63,111,91,103,111,54,59,27,138,54,138,107,20,107,88,20,107,101,2,111,9,85,28,34,64,59,25,52,128,82,99,44,62,15,62,15,90
"948",77,98,114,128,25,128,91,78,43,128,43,128,25,128,25,52,128,134,22,74,128,134,43,134,129,6,134,78,129,20,103,20,129,67,88,107,88,107,124,1,116,124,72,111,124,107,88,72,9,63,111,91,128,43,98,112,109,77,98,128,43,128,91,43,78,134,74,22,74,114,128,81,54,67,91,111,91,111,1,116,34,64,139,28,85,9,85,9,72,111,64,111,91,43,128,52,64,99,51,62
"949",77,109,87,109,90,99,98,43,128,82,43,128,91,78,91,6,129,25,128,134,74,22,65,3,65,3,65,3,65,119,128,43,128,25,119,65,3,22,119,65,119,74,22,134,22,119,74,43,128,43,111,64,82,99,10,89,123,70,123,26,112,98,77,98,42,58,105,55,105,17,105,90,99,90,99,90,99,112,133,112,10,19,10,19,10,19,109,77,105,77,98,77,82,43,82,1,116,1,34,116
"950",77,98,77,42,109,19,51,19,51,62,33,62,42,97,87,97,42,77,112,26,123,70,133,98,133,70,123,70,133,112,89,26,89,26,89,10,112,109,77,42,64,83,89,83,56,44,56,83,93,56,15,7,93,105,118,105,114,105,71,27,71,105,7,35,15,62,15,44,56,83,89,10,19,109,112,133,112,10,89,10,89,83,56,50,7,139,34,50,1,64,1,93,56,50,5,18,15,62,15,45
"951",77,58,115,42,109,42,90,62,15,44,56,44,122,75,95,106,121,120,23,95,122,35,122,75,35,62,44,15,62,99,98,77,82,99,56,44,56,83,56,99,64,116,1,34,50,34,139,64,52,64,111,138,54,138,54,138,54,131,137,101,72,101,107,124,72,124,82,91,6,134,78,129,20,67,137,67,107,20,67,20,107,72,124,116,124,116,124,107,88,67,6,74,119,3,65,3,65,3,65,3
"952",77,105,55,75,17,105,118,42,87,48,127,53,84,106,84,14,36,16,60,41,60,36,60,41,60,41,60,36,84,36,84,48,47,21,132,48,53,84,36,60,41,60,41,36,16,132,21,47,136,127,87,99,98,42,97,87,90,35,23,35,87,127,132,127,23,120,102,120,102,73,102,108,96,121,106,36,60,80,45,32,55,105,58,105,114,105,92,32,8,100,57,5,18,44,18,44,56,124,116,107
"953",77,42,118,42,98,77,99,10,51,62,33,62,56,83,56,44,56,44,15,62,99,83,51,83,93,82,93,64,9,85,9,111,9,85,124,1,64,99,90,35,102,97,136,97,127,87,97,108,102,87,90,99,90,99,90,62,90,87,35,102,87,42,64,50,5,57,100,8,29,80,60,41,60,16,84,14,121,106,132,84,53,127,53,127,53,14,84,53,132,16,21,106,40,106,121,127,136,47,118,105
"954",77,115,30,49,79,13,31,49,115,30,113,30,113,30,113,30,68,117,97,102,97,42,87,102,120,102,87,42,64,93,56,50,7,5,50,64,7,4,7,15,62,33,62,99,56,99,98,42,58,64,50,124,7,5,57,7,15,18,122,95,122,33,62,33,62,15,44,15,116,124,63,111,64,114,74,128,114,74,114,25,128,64,7,15,56,83,1,116,124,1,64,85,9,54,27,138,37,81,37,81
"955",77,98,99,51,99,98,128,114,105,92,105,5,116,56,44,122,18,122,75,95,106,132,53,48,21,132,48,42,113,61,86,38,76,61,126,76,130,76,13,38,130,38,61,66,61,38,130,38,86,110,86,61,31,79,49,104,38,110,86,126,76,126,66,31,13,31,79,104,38,130,38,73,108,96,121,84,48,47,118,90,99,19,51,19,51,19,10,112,133,70,123,70,133,112,70,133,70,123,26,123
"956",77,82,93,56,93,105,58,11,58,11,58,105,118,47,136,127,136,117,53,84,132,95,106,40,41,36,41,16,132,21,132,21,48,84,53,127,53,84,121,14,84,16,41,60,40,135,47,118,47,21,40,36,106,40,125,80,29,80,41,45,60,80,29,80,125,29,8,4,7,28,57,100,18,15,62,15,105,32,29,8,4,139,28,64,93,82,128,52,105,55,40,60,80,60,16,41,16,41,80,45
"957",77,112,133,98,133,70,123,70,123,70,123,26,123,70,123,70,123,26,112,98,42,97,87,117,53,84,36,132,84,36,40,106,121,96,121,12,14,84,14,84,53,48,132,21,127,53,121,14,84,53,127,35,62,33,62,44,56,99,82,128,81,37,81,37,138,137,131,69,46,137,2,138,27,138,54,119,74,119,65,3,22,74,6,129,6,129,134,128,82,133,98,77,98,128,6,129,67,137,67,137
"958",77,109,77,109,42,58,42,90,99,51,99,51,83,51,99,51,62,75,17,5,57,5,7,85,64,128,52,58,105,42,87,97,42,98,109,42,118,47,135,40,24,94,18,116,111,63,124,85,28,100,5,100,7,28,7,64,7,93,25,128,25,128,82,77,98,118,136,127,53,132,84,132,16,41,45,80,29,8,32,17,75,122,75,24,39,95,39,125,94,17,5,50,5,57,125,24,75,18,15,98
"959",77,99,90,105,90,51,62,51,99,19,109,19,10,112,133,112,98,112,89,123,26,70,133,112,26,123,26,10,99,90,109,77,105,15,62,99,109,19,90,99,82,111,83,64,25,128,25,119,22,3,65,3,119,128,82,99,62,15,62,33,62,44,18,5,100,4,8,100,105,15,62,99,51,99,82,93,64,34,64,20,103,91,103,6,91,6,67,20,103,81,119,81,111,63,34,116,124,107,88,72
"960",77,105,114,7,85,139,85,64,52,64,52,64,139,85,28,64,1,116,1,64,43,128,6,67,138,2,67,137,67,6,134,129,103,91,111,63,116,1,64,52,64,50,34,116,124,116,124,107,88,137,2,46,69,46,137,88,137,46,137,67,88,20,91,103,20,107,111,63,116,1,64,50,64,111,91,111,124,2,9,85,139,4,100,28,64,83,64,9,101,72,124,111,72,63,72,111,128,25,128,64
"961",77,98,99,56,93,7,28,139,28,139,28,139,64,1,93,82,64,98,115,98,99,89,10,89,10,51,62,33,62,75,33,35,33,62,15,33,35,90,99,10,89,26,123,26,89,10,19,99,51,19,10,99,109,10,112,98,133,112,133,70,133,98,112,133,70,123,70,123,26,89,26,123,26,123,89,10,19,99,62,90,109,42,58,115,49,115,49,31,104,79,31,49,31,104,31,49,115,49,31,61
"962",77,109,113,30,61,66,126,86,38,104,79,13,31,104,31,126,66,126,61,66,126,66,31,79,31,79,31,79,13,79,76,38,86,38,126,38,86,126,38,61,104,38,130,38,126,66,61,66,31,49,115,58,11,58,105,15,90,99,51,83,51,99,56,93,124,116,34,116,63,124,111,63,34,64,93,64,85,139,28,139,85,28,57,5,28,57,17,100,57,7,50,5,50,64,139,34,116,1,124,2
"963",77,98,77,109,90,99,82,99,90,109,19,109,112,133,112,133,70,123,26,123,70,133,98,77,99,51,19,51,99,62,33,35,90,51,99,56,99,51,99,42,136,48,95,39,24,125,40,135,55,32,57,17,105,32,29,80,45,32,105,114,11,105,122,95,39,24,75,18,15,56,99,51,89,10,99,62,33,19,51,90,99,51,19,10,112,133,70,123,26,123,70,123,70,123,70,123,70,123,26,70
"964",77,10,99,51,83,56,124,138,2,9,64,52,128,43,82,128,81,37,6,129,6,74,114,11,114,98,99,82,99,82,91,103,20,67,131,137,2,64,1,116,1,93,15,33,62,33,62,99,19,99,62,33,62,51,99,51,99,90,19,10,89,51,19,99,51,99,62,35,90,109,19,109,112,133,70,133,70,133,70,123,26,89,83,64,2,101,2,101,2,107,101,137,2,67,137,54,138,27,71,27
"965",77,109,112,133,70,133,112,109,99,19,99,19,90,62,15,99,62,44,56,83,51,10,89,10,99,56,64,1,116,124,63,124,17,105,71,105,114,25,128,82,128,43,128,25,81,37,81,37,81,37,6,129,6,129,103,20,103,20,103,6,67,91,82,128,43,134,22,3,65,119,22,74,119,3,65,119,25,119,22,134,78,43,128,25,128,134,74,114,98,112,89,112,26,123,26,70,123,70,133,98
"966",77,109,90,19,51,33,90,105,75,24,75,24,75,122,17,18,44,15,105,92,105,55,40,125,40,135,40,135,127,53,84,14,84,132,21,40,36,84,14,84,14,84,14,84,53,127,21,132,21,132,16,21,132,95,39,24,75,24,94,122,95,23,127,132,21,48,47,21,132,127,53,84,121,96,121,120,121,12,108,73,102,87,42,118,136,127,53,48,127,132,106,40,127,117,53,132,21,47,136,117
"967",77,98,99,109,90,87,97,113,61,86,126,86,110,86,66,126,38,130,38,126,61,66,31,76,31,49,79,104,113,104,31,104,79,76,130,38,126,86,38,130,38,86,38,126,38,104,13,79,13,79,13,104,68,30,68,30,113,30,68,30,113,30,68,30,113,30,113,30,61,86,66,61,30,68,30,113,97,87,102,87,102,127,53,121,120,23,120,23,120,23,120,121,106,135,127,48,47,136,117,108
"968",77,58,11,114,128,82,128,25,128,25,119,74,22,134,43,128,52,64,111,20,129,103,20,107,20,88,20,67,2,111,1,124,116,1,124,1,64,1,64,83,64,93,99,89,83,111,64,116,34,116,1,116,34,139,63,124,116,1,9,63,9,139,7,15,124,116,124,72,124,88,67,137,69,137,67,6,67,2,101,9,72,101,2,9,64,83,51,99,62,33,62,15,44,15,18,5,28,5,7,28
"969",77,42,87,42,136,48,40,36,41,16,21,47,136,47,48,53,84,106,84,106,84,36,106,121,12,53,127,53,84,53,127,21,135,47,118,136,118,42,109,77,99,51,19,90,99,51,10,89,26,89,10,26,10,19,99,51,99,90,35,23,95,35,75,122,95,122,95,35,23,39,106,120,39,106,36,106,132,48,127,135,40,135,55,45,80,45,32,105,62,99,51,19,51,56,93,99,15,18,44,62
"970",77,98,133,70,123,70,133,112,10,19,10,99,93,7,85,139,28,139,28,139,28,57,100,57,17,105,8,32,8,4,8,32,105,55,40,39,40,125,40,39,24,39,23,120,106,36,60,80,29,32,8,100,17,55,40,36,16,41,16,21,95,75,24,39,24,125,94,15,35,102,120,121,120,102,87,102,120,121,96,12,96,121,96,121,96,121,106,132,48,84,14,84,36,84,106,84,53,84,53,127
"971",77,98,43,128,25,114,105,15,7,17,44,18,122,18,44,18,122,15,7,64,111,124,107,2,137,101,9,85,9,139,7,57,5,57,7,115,49,79,76,79,49,79,31,104,79,104,38,76,38,86,38,76,38,86,38,31,104,61,30,113,30,49,79,13,79,13,31,61,30,61,38,86,38,126,38,76,13,76,31,61,66,31,66,86,126,86,38,61,66,61,66,61,66,61,30,113,61,30,115,49
"972",77,98,133,70,123,70,112,133,98,99,82,111,81,54,138,54,119,25,128,25,128,43,128,54,81,37,69,131,69,46,69,46,69,46,69,131,69,137,131,81,3,119,25,119,128,82,64,59,27,64,1,116,63,124,63,111,64,9,116,63,124,1,124,72,111,2,67,6,37,81,6,134,22,134,22,134,128,43,128,25,119,74,6,91,20,129,20,107,88,20,67,88,20,103,111,103,6,78,129,67
"973",77,105,58,64,52,7,28,100,125,39,106,39,24,95,122,18,94,18,105,40,125,29,45,29,45,60,41,36,40,125,24,75,122,75,95,75,35,23,95,35,33,35,95,75,122,95,122,18,100,105,92,55,45,32,8,32,8,125,40,125,94,100,57,5,7,58,115,105,32,45,29,45,40,39,23,95,122,18,44,18,44,17,105,71,55,90,62,33,90,35,127,21,132,21,127,53,84,14,84,36
"974",77,109,98,99,10,89,99,90,99,10,112,77,98,43,134,22,65,3,65,3,65,3,65,22,3,65,3,65,3,37,81,37,81,37,67,129,78,103,111,72,63,139,85,9,64,128,119,6,81,119,74,119,74,43,128,52,64,111,82,99,51,19,10,99,62,33,62,33,15,7,4,8,100,8,4,8,100,8,4,8,95,35,33,35,90,109,99,90,99,62,15,105,55,105,7,114,25,128,25,128
"975",77,98,109,77,58,42,109,98,114,52,105,115,49,13,79,31,13,31,126,66,126,86,38,76,130,76,38,86,38,86,38,86,38,126,61,66,126,66,126,66,61,31,13,31,104,68,30,49,30,115,58,113,30,115,113,30,68,30,115,49,104,30,61,86,61,126,38,76,38,126,38,86,126,38,86,38,130,38,61,31,79,104,31,79,76,79,49,115,49,31,61,38,86,38,86,38,76,79,31,13
"976",77,98,77,109,90,87,35,23,120,102,108,117,108,12,121,120,23,102,35,95,90,19,62,99,109,99,62,44,122,18,5,57,28,4,32,75,95,23,39,95,23,120,102,120,102,120,102,120,121,120,102,87,109,19,10,51,109,98,77,82,43,128,74,114,11,114,128,6,134,78,129,78,129,103,111,63,9,85,9,101,137,46,137,69,137,46,69,131,137,46,2,138,54,138,2,137,101,1,93,64
"977",77,82,98,112,133,112,133,112,77,109,99,15,7,5,18,122,95,122,95,23,102,120,39,24,95,39,125,24,94,24,75,18,44,18,44,62,15,7,34,7,17,7,28,57,100,17,5,50,64,128,43,78,43,98,77,10,99,82,64,128,74,128,133,70,133,77,98,112,98,128,105,92,135,92,27,54,25,119,22,134,6,37,81,6,67,54,81,37,81,37,81,91,6,134,74,114,128,134,129,78
"978",77,58,52,64,114,128,134,6,134,128,25,52,64,93,82,111,101,46,101,2,124,63,9,85,139,85,139,85,9,101,72,101,2,138,124,72,124,116,34,50,34,64,1,34,116,63,116,1,64,1,116,1,124,101,72,63,124,107,124,116,5,18,75,24,39,24,94,24,75,122,95,24,125,100,94,100,94,100,17,57,28,57,17,100,57,100,57,17,94,17,57,17,105,71,92,32,29,80,45,80
"979",77,42,105,42,87,97,42,97,87,97,127,95,23,102,120,102,120,121,96,12,14,84,53,14,84,53,48,53,12,121,106,132,21,132,53,84,14,108,12,108,96,121,106,21,132,106,121,84,14,84,14,121,12,108,12,108,127,136,127,132,84,53,102,87,90,15,122,75,24,75,24,125,29,80,45,40,127,53,121,120,121,120,23,35,95,39,106,36,40,36,106,39,106,132,95,39,125,24,94,122
"980",77,98,77,98,77,109,42,87,90,87,97,42,97,87,42,115,49,115,30,113,61,13,79,31,76,13,79,76,38,76,38,126,66,76,13,79,31,66,126,31,104,61,38,126,66,126,76,38,76,38,130,38,86,38,61,66,61,30,68,104,49,115,49,115,49,30,115,105,55,45,29,8,55,105,17,105,75,122,95,23,35,23,120,23,120,121,96,121,96,121,96,108,12,96,121,84,16,132,106,121
"981",77,109,77,10,89,83,64,28,85,7,42,71,27,55,135,47,118,42,113,61,31,126,38,31,13,79,31,126,61,38,130,38,76,104,130,38,86,38,76,13,79,13,79,13,76,38,126,66,61,104,68,30,113,61,66,61,104,61,86,38,110,86,126,38,31,104,61,30,68,113,30,68,30,113,97,30,61,113,30,68,30,68,30,104,130,38,86,61,86,38,76,13,31,79,31,79,49,115,58,115
"982",77,98,77,98,64,111,64,111,43,128,25,128,25,64,50,5,18,94,24,75,18,44,122,75,95,35,23,95,75,122,75,122,75,95,23,39,24,39,125,39,106,40,125,100,94,100,4,8,57,5,57,5,7,18,122,18,15,56,99,62,44,15,98,112,99,109,112,133,70,123,26,123,89,112,109,77,109,99,51,83,111,82,128,25,119,81,128,7,85,28,5,28,4,8,100,105,55,32,4,28
"983",77,113,30,61,113,30,68,104,31,49,79,130,104,113,58,105,128,64,7,33,62,99,51,99,109,99,51,90,105,114,7,15,64,56,44,18,44,62,56,83,64,34,63,111,82,91,82,111,72,111,81,91,6,91,6,134,74,134,74,114,11,114,128,43,128,43,134,22,3,65,3,65,3,65,3,65,3,22,3,65,119,25,128,6,91,129,20,107,101,2,101,88,72,63,111,1,93,7,64,27
"984",77,113,61,38,76,13,104,79,13,79,31,79,49,115,30,113,61,66,126,66,126,38,126,38,130,38,76,79,13,79,76,79,13,104,79,104,68,30,61,31,104,79,49,31,126,38,86,38,126,38,76,38,126,31,13,31,76,38,104,79,76,31,104,30,113,115,30,115,113,42,87,97,42,77,10,99,109,77,98,77,58,115,42,98,133,112,89,10,89,10,19,90,105,55,45,60,36,84,36,106
"985",77,112,89,10,19,51,99,10,89,123,70,133,112,98,114,11,114,64,139,28,85,64,1,34,139,28,4,8,80,45,32,105,90,42,87,132,127,136,118,47,127,35,87,90,19,33,62,99,19,99,89,99,19,10,26,89,26,123,70,123,26,89,83,89,26,123,26,123,70,133,98,82,111,82,99,90,99,10,26,123,70,123,70,133,112,109,98,133,112,133,98,77,98,133,112,98,99,19,10,89
"986",77,98,82,64,59,139,85,7,1,116,63,72,111,2,101,2,107,20,103,129,78,103,91,6,91,6,67,6,91,111,91,128,25,119,6,91,129,67,37,81,37,81,37,81,37,81,37,81,37,6,91,6,67,88,107,20,107,88,20,103,91,129,6,129,20,107,88,107,88,107,20,129,103,91,128,91,111,91,103,20,67,6,78,129,91,103,20,67,137,69,131,137,67,37,6,129,6,129,20,103
"987",77,109,112,133,70,133,70,26,89,99,10,112,98,109,77,98,112,89,112,133,112,109,90,51,99,90,35,33,122,75,35,33,35,122,95,75,33,62,15,18,122,95,122,94,24,94,24,75,17,135,55,125,8,122,75,95,106,21,132,21,16,41,60,16,60,41,16,41,16,36,41,45,55,17,105,7,85,50,34,124,18,15,7,105,15,62,33,62,15,18,122,75,18,105,92,32,8,32,29,80
"988",77,98,42,97,102,87,97,30,113,61,86,38,86,38,130,104,31,126,31,104,30,68,113,68,30,68,30,115,49,115,58,115,49,79,76,38,76,104,130,110,38,86,38,126,38,61,113,97,42,97,42,87,102,120,102,120,23,95,35,75,24,75,24,95,75,24,125,100,8,55,92,55,21,16,21,132,21,127,106,132,21,132,48,53,84,132,106,40,125,57,28,34,50,5,50,5,7,50,64,15
"989",77,98,77,113,30,113,30,61,66,31,76,13,79,13,76,38,76,38,130,38,104,79,13,104,79,104,38,86,38,126,66,126,86,66,126,38,86,110,86,38,76,126,66,126,38,61,30,68,30,113,30,113,30,68,30,68,113,77,58,114,11,114,52,64,52,81,6,134,6,129,20,103,91,111,91,43,78,134,6,91,111,72,88,124,111,72,88,107,88,101,46,2,137,67,2,27,138,46,69,137
"990",77,58,7,90,19,10,112,133,112,89,83,51,10,89,26,123,70,123,89,112,70,123,70,133,112,109,90,87,35,90,35,33,62,15,62,64,50,56,93,1,64,52,64,52,64,85,139,85,28,100,125,40,125,45,32,8,4,8,4,100,17,122,35,23,39,125,135,21,132,21,127,42,97,136,47,136,118,136,47,118,42,58,105,17,57,7,4,8,32,8,105,17,75,24,75,24,94,24,94,24
"991",77,98,112,26,89,26,89,112,109,113,97,117,108,12,96,121,96,108,73,104,79,49,31,79,13,79,13,79,104,13,76,13,79,31,66,61,66,61,30,113,77,98,133,112,89,112,26,89,123,70,133,112,133,70,133,112,98,112,133,112,133,70,133,98,112,133,70,133,112,98,112,98,112,98,109,10,89,123,26,123,70,123,70,123,70,123,70,133,112,10,89,10,89,112,82,124,1,116,1,83
"992",77,58,105,118,105,18,122,17,28,64,7,15,62,44,62,33,15,18,105,92,27,92,27,2,138,37,54,67,6,3,22,3,81,91,82,93,15,18,122,18,5,116,1,9,2,138,27,71,27,71,55,45,80,29,8,125,40,135,47,136,47,21,132,16,36,84,48,53,48,47,135,127,53,12,53,14,84,36,40,106,127,53,48,53,84,16,132,127,121,96,121,96,53,48,84,132,21,132,36,60
"993",77,109,87,99,89,123,26,123,89,99,90,19,33,62,33,19,33,19,51,62,15,18,105,92,135,40,36,40,125,40,135,55,71,59,6,129,20,107,88,67,103,129,6,134,43,128,25,119,25,91,25,119,74,128,52,64,52,64,85,28,85,116,63,124,116,1,83,64,50,63,116,1,107,72,124,111,64,93,56,62,33,62,15,33,62,15,105,55,125,94,100,57,17,32,45,32,29,8,125,100
"994",77,98,42,87,102,108,12,108,12,108,12,53,132,21,132,106,120,102,108,73,102,35,87,42,109,98,133,112,133,70,123,89,10,112,10,112,133,70,133,112,133,112,10,89,112,109,90,35,23,35,90,99,51,19,51,83,56,83,51,99,51,90,35,90,35,90,35,33,62,44,18,15,7,15,62,90,35,132,41,132,84,14,53,14,12,121,96,121,96,121,96,12,53,127,35,90,35,87,35,95
"995",77,98,77,98,109,77,42,118,105,90,87,42,97,136,47,21,127,48,84,53,84,14,121,106,132,106,23,120,121,120,23,106,21,132,106,40,125,8,4,8,32,45,80,45,29,45,29,45,29,32,29,45,80,60,16,41,135,40,125,39,24,75,35,75,35,87,102,23,35,90,99,109,77,109,42,87,127,53,84,106,36,106,39,23,95,35,75,24,125,94,100,18,94,100,94,24,94,100,8,95
"996",77,112,89,26,89,10,51,10,112,98,105,32,17,100,57,100,28,85,9,85,111,2,101,9,64,99,10,19,10,89,26,70,123,70,123,70,133,70,123,70,133,112,26,89,83,56,51,83,1,116,63,116,124,2,111,124,72,111,124,116,1,116,107,88,72,111,63,124,72,88,107,111,64,56,93,124,101,9,1,64,1,9,85,64,34,28,85,139,7,28,139,34,116,124,63,9,63,9,101,137
"997",77,98,109,77,99,93,56,83,1,116,34,64,114,11,114,128,81,103,20,103,91,111,64,128,25,64,56,99,10,89,10,112,77,98,114,11,58,98,109,42,109,99,56,93,105,35,95,106,132,21,132,106,121,96,108,12,121,96,120,102,120,102,87,102,120,121,106,95,23,120,121,84,14,84,53,106,132,21,47,21,132,21,106,40,125,40,125,55,80,41,36,14,84,53,127,53,127,48,127,106
"998",77,109,90,87,42,109,112,70,123,70,133,70,133,70,133,70,123,70,123,70,123,70,123,70,133,112,133,70,133,70,123,26,89,83,56,99,10,112,26,123,70,123,70,133,98,133,112,89,26,89,109,112,133,70,133,70,123,70,123,70,133,77,115,98,112,77,99,10,112,133,112,133,70,133,43,82,81,37,81,54,128,82,128,43,78,129,67,6,134,43,64,4,28,57,5,28,4,8,100,125
"999",77,98,133,98,77,10,99,62,64,111,124,63,111,9,2,9,63,116,63,124,138,54,138,54,25,64,7,15,18,17,105,90,99,89,10,89,112,77,98,112,133,70,123,70,123,70,123,70,133,70,123,70,123,70,133,98,77,98,77,99,82,128,64,93,99,56,83,51,99,87,42,97,87,97,136,118,47,136,47,118,105,15,8,4,8,29,45,41,36,60,45,32,105,55,71,59,27,54,20,129
"1000",77,98,77,98,77,58,105,28,100,57,17,57,5,4,8,32,29,80,45,80,41,40,55,17,100,17,7,139,116,63,111,103,20,67,88,107,101,107,111,82,111,1,101,137,46,137,101,72,9,85,139,28,139,28,64,52,64,83,93,9,2,101,9,101,2,137,101,111,82,128,54,119,22,3,22,65,3,65,3,22,74,119,54,27,71,92,55,105,92,135,40,125,55,105,55,40,125,135,55,135
